EPISODE,distance_traversed,mean_speed,std_speed,mean_track,std_track,reward_runn,fuel_start,fuel_end,fuel_consumed,rew_fuel
0,26455.118017569996,0.391516009779358,0.16859132481870187,-0.09312070192303508,0.41707110142375653,59990.977,93.9994,93.5319,0.46749878,128323.27832384022
1,32249.88258143,0.3787756667763657,0.1487149580520802,-0.022191784357429918,0.41547868685865175,65478.11,93.9991,93.7287,0.270401,262444.43772762734
2,32537.985993430008,0.39223178980942064,0.15835141985364015,-0.08708394525589747,0.3906098654021635,69040.414,93.9991,93.6618,0.33730316,225805.86336211933
3,106178.22595735997,0.4212792592103043,0.1285275681944066,-0.06188392370440148,0.358880920970924,88107.27,93.9991,93.447,0.55210114,263190.62524904934
4,110087.42247329002,0.44228185187051183,0.14013440481671052,-0.058066726687804354,0.39381796681753073,99038.61,93.9991,93.4628,0.53630066,266201.35146187845
5,167054.78362628986,0.445262921407012,0.12669446262921794,-0.11148509370118044,0.351195054629715,114111.14,93.9991,93.4035,0.5955963,318124.5608989297
6,160664.36819543,0.45516888650358484,0.1337302568611238,0.01835543263032166,0.4023045875718782,123450.234,93.9991,93.3959,0.6032028,297552.9524609011
7,733866.9327573595,0.45842956707276233,0.093688100715806,-0.0448336136159842,0.37058095739202995,155313.33,93.9991,92.7688,1.2303009,307530.46090028225
8,286879.19374057004,0.4832493874657436,0.12725757084777134,-0.007189958879559398,0.33893222138607815,168518.44,93.9991,93.2509,0.74819946,366425.38834821957
9,152359.99798942998,0.4716976776043953,0.14520887725669934,-0.09825779813913188,0.395226354462777,169554.52,93.9991,93.395,0.6041031,296107.11389700667
10,350271.83762428985,0.49804074404319704,0.12662043431853792,-0.14987624242907216,0.35792441661024865,180033.03,93.9991,93.0959,0.90319824,315344.0159210249
11,741956.6557194999,0.4594117332073536,0.0937371140145784,0.05767840990912581,0.37638581299016877,197013.88,93.9991,92.9747,1.0243988,374661.82649519434
12,366979.1723685701,0.48936605779438513,0.12239883752354098,-0.026021487100523003,0.38426513697048864,203832.66,93.9991,93.1006,0.89849854,317928.1347143902
13,560418.8177214299,0.5106174433436909,0.11506065627231825,-0.0838443651586624,0.45819958922814435,211197.39,93.9991,92.8065,1.1925964,257370.3725483735
14,709362.9576954304,0.46083577151014776,0.09470908662155407,-0.018401179181998722,0.35088758150583516,223689.95,93.9991,93.0176,0.9814987,406099.2436869368
15,901427.2711872903,0.5213203568195213,0.10676360925114761,-0.11097719030958635,0.3880660633055079,237414.8,93.9991,92.5503,1.4487991,305968.8808224864
16,380296.82528656983,0.49455814140907395,0.12288599693198347,-0.08960678498704164,0.39398782689606837,240093.31,93.9991,93.1209,0.8781967,322193.77353839
17,374688.6784264302,0.4933940747131665,0.1247920937866665,0.040006627820473976,0.464870366073845,241020.52,93.9991,93.1476,0.85150146,301564.9108746064
18,983863.94577522,0.4734828411901218,0.09362537112655421,-0.037081640485860226,0.3367310968628167,254120.06,93.9991,92.7845,1.2145996,403352.6754601085
19,1008918.2715946402,0.5186492737893756,0.10366433312516357,0.024830674691653183,0.4402618882645527,263321.22,93.9991,92.4778,1.5213013,288005.48179021943
20,755400.17264029,0.4573775838866201,0.09113089904979338,0.10726212101471093,0.3446631200997151,270081.84,93.9991,93.0446,0.9544983,424615.25173369405
21,153109.6198161501,0.4715066816633833,0.1441718998857106,0.01591286352545401,0.3653866388341921,266417.94,93.9991,93.4082,0.5908966,320658.0524829158
22,160190.29920529,0.4592360615868409,0.13606640209422632,-0.031674714436130076,0.36421955308334986,263601.06,93.9991,93.4304,0.5687027,354543.93694172194
23,359587.6394124298,0.503936222492971,0.12584255738374503,-0.1786431538766799,0.4092044165438356,263471.22,93.9991,93.138,0.86109924,302502.3392846097
24,911109.97755443,0.5167042802524406,0.10628821215305077,-0.1128610059162721,0.4190241468958247,269850.44,93.9991,92.5857,1.4133987,299244.68943095015
25,713236.2415604303,0.4664635163926725,0.09751663156425971,0.0220303850154418,0.3675659207208583,275003.97,93.9991,93.024,0.97509766,414155.59227631055
26,364020.4802194299,0.5015552594198468,0.12514047500238143,-0.0922997669729053,0.3917339198289546,275054.9,93.9991,93.1514,0.847702,326033.6446699943
27,926201.8939464998,0.5146862813502346,0.1048987106192439,-0.08068123073336758,0.3793414640720072,281685.1,93.9991,92.5876,1.411499,326390.8562841754
28,149466.51385929005,0.47097757399479073,0.1444375562007001,0.10965141118960638,0.4125181281617441,277941.9,93.9991,93.4065,0.59259796,292158.66810520325
29,930382.5695254997,0.5127627134474086,0.10515916503014038,-0.042547734922686875,0.4078783096654266,283782.72,93.9991,92.6281,1.3710022,330536.4560252028
30,632882.7603202899,0.45505739160466535,0.09359250494498665,0.09783400728751172,0.3136270361549433,287249.97,93.9991,93.1461,0.8529968,458697.6391820469
31,394774.58652457,0.4721060415557931,0.11636204053308837,-0.05037182182192839,0.3611499524686426,287825.44,93.9991,93.2244,0.77469635,394560.6584948633
32,151230.17939236006,0.47249736128766245,0.14413491931264938,0.014534748709624316,0.3889104868063294,284621.8,93.9991,93.4064,0.59269714,307249.415208071
33,152930.52432957006,0.46133729227520204,0.13866919822857277,-0.01958573851444754,0.37694472055129674,281661.44,93.9991,93.425,0.5740967,320449.92271323514
34,1919433.4231592885,0.5287397585505961,0.09095139981676481,-0.11834968511749434,0.44191524837182705,289907.16,93.9991,91.7916,2.2074966,258329.4575933324
35,634233.1510705699,0.45128524855399244,0.09126167138043868,0.11433428148823195,0.3026286320958958,292699.22,93.9991,93.1574,0.8416977,463849.93402535334
36,376150.80049729004,0.49476808303629616,0.122957850260865,-0.07010602479586348,0.4019428970078428,292309.12,93.9991,93.1815,0.81759644,340345.4538219082
37,653719.62157536,0.5094410043932353,0.11219474977704076,-0.030452358394233388,0.4176459810360939,294392.56,93.9991,92.8649,1.134201,327525.10663188074
38,544175.3033514997,0.5240828043370469,0.11714099267365836,-0.16948887941479268,0.3909938555196505,295387.3,93.9991,92.9081,1.0910034,305395.4624757127
39,907981.8734115001,0.5224317252509085,0.10624029000826328,-0.04384625146052838,0.39121053291335117,299236.56,93.9991,92.6465,1.3526001,332217.23048128065
40,1567744.97490529,0.4931941673246857,0.0927488187148784,0.007013157250800065,0.353569619402506,307144.38,93.9991,92.3457,1.6533966,377076.4749567676
41,156617.05946843003,0.4556407178892763,0.13648034702911102,0.03963537196882349,0.3904319693289181,304166.44,93.9991,93.4425,0.5566025,327112.232273533
42,715352.9934813597,0.46171449438392187,0.09525409418264363,0.1359493734940172,0.3090162680191771,306687.44,93.9991,93.0806,0.9185028,449175.7252706092
43,150796.25950257006,0.46348256705466107,0.14009738092032728,-0.04382145441708645,0.41795376376536164,303642.16,93.9991,93.4397,0.55940247,308714.21896201186
44,1048831.2353385696,0.5204982649287381,0.102708771181607,-0.11974571178661426,0.4213913296712083,306910.97,93.9991,92.507,1.492096,302084.4713011959
45,572781.33195457,0.5069050448844747,0.11594658108553677,-0.01397556038979914,0.39774594401271957,308013.84,93.9991,92.9649,1.0342026,345814.8841777161
46,652448.7972144302,0.5174200425613377,0.11274751062688905,-0.10425985742316954,0.4083065515638377,309343.8,93.9991,92.8761,1.1230011,329938.8144791601
47,156626.77189522,0.4545714599043061,0.1349544784014427,-0.016323730544932625,0.35104318986829375,306964.84,93.9991,93.4378,0.5613022,347678.777355221
48,914941.7409772892,0.5205751263060259,0.10801948304494083,-0.1574570788740567,0.3830071090506146,309773.5,93.9991,92.5954,1.4037018,316726.4931532816
49,552531.7175085696,0.5141809107626759,0.11667817677606598,-0.14312817167956382,0.3930396370919489,310453.62,93.9991,92.9612,1.0379028,331224.8805818459
50,550708.54778857,0.506383889643978,0.1165886843393992,-0.07636314866439173,0.3903376306958846,311314.03,93.9991,92.9857,1.0133972,349649.4662685867
51,561675.9115954301,0.5055622704374075,0.11581440079059258,-0.12532613735915066,0.3942967603794789,312095.25,93.9991,92.9782,1.0208969,344734.0670959125
52,152421.55977043003,0.4720149696944463,0.14419204596528806,0.007813301379340293,0.41566559119434054,309590.94,93.9991,93.3995,0.59960175,299142.7716564476
53,971709.0986195002,0.480286905871142,0.09672356173389253,0.03243883246388027,0.3494322074425335,312784.0,93.9991,92.7997,1.1994019,401880.42056204256
54,552570.4424284297,0.5044528821064505,0.11579181396763047,-0.014276735618181187,0.3717402626390588,313782.62,93.9991,93.0078,0.9913025,370935.06486846757
55,905102.1536752903,0.51697057523154,0.10587439257439889,-0.11282572184209752,0.38999411678575213,315941.5,93.9991,92.6452,1.3538971,321058.0134375063
56,155821.10516342998,0.4606282441388618,0.1389738174591146,-0.024759704013599986,0.3850792214085004,313555.56,93.9991,93.4206,0.57849884,311051.7078149479
57,565760.85160336,0.5129999648235579,0.11562292835598306,-0.13399557191435368,0.39406361358761804,314133.7,93.9991,92.9529,1.046196,331761.5667974985
58,153892.99619442993,0.4550987767236276,0.1353762948491196,-0.04275945655260041,0.39974236484582654,311743.53,93.9991,93.4374,0.5616989,308199.038174257
59,729514.9167694305,0.46103957516361915,0.0946494797175576,0.004576232434939468,0.35415641855409347,313352.1,93.9991,93.0692,0.9299011,439033.197485363
60,1026689.7322255704,0.46216635373494236,0.0872112516776954,-0.033189140381309316,0.3436628954685033,316128.7,93.9991,92.8861,1.112999,433714.64105800254
61,365902.36605722015,0.5017404369405231,0.12532873311666337,-0.1711171947501819,0.4013985638068634,315390.16,93.9991,93.1603,0.8387985,322294.3659789582
62,718015.3240055698,0.4617349089602196,0.09531705901509659,-0.00733862742728723,0.35020447203048194,316805.38,93.9991,93.0638,0.93530273,432531.8565031746
63,666593.7231624299,0.5068801162626222,0.11150257711438379,-0.08254416306041165,0.3427953225930447,318306.56,93.9991,92.8907,1.1083984,372501.8804769851
64,662663.9651334293,0.5115530338257759,0.11216290519945353,-0.12173060779670129,0.396346462377635,319244.28,93.9991,92.8943,1.1047974,343283.1707394666
65,24213.06451757001,0.42260199717986324,0.1973290555730562,0.002918452604059526,0.4540658172610691,315300.53,93.9991,93.5518,0.44729614,131805.09805334403
66,381744.28352722025,0.4936650595733849,0.12353294668337658,-0.033854248930907084,0.432259077037653,314668.28,93.9991,93.1492,0.8498993,321143.6478666104
67,2119375.905839498,0.5312780207588695,0.08975832270580764,-0.12070417685112614,0.4023159509519412,319542.78,93.9991,91.8536,2.1455002,301157.7599558936
68,570025.69404415,0.5074558208082638,0.11511654877439001,0.04375735518585722,0.4289382012892573,319803.56,93.9991,92.9555,1.043602,323434.08938401187
69,1425568.9134054298,0.5349214801781076,0.10537291949808296,-0.03881477893446572,0.4542009045062653,322537.84,93.9991,92.0427,1.956398,261297.7109041487
70,907386.122009569,0.5155215769574445,0.10541853998800159,-0.030548454113065813,0.359804645298805,324676.2,93.9991,92.6193,1.3797989,343790.0358796135
71,1361002.39637122,0.5247561655095897,0.0979634609286929,-0.11814430923674236,0.4035890846385575,327510.16,93.9991,92.3287,1.6704025,316524.2287591193
72,669481.1758354998,0.5093517769381605,0.111565203775731,-0.04423240386678995,0.37356193518528197,328512.88,93.9991,92.886,1.1130981,359993.26831214404
73,380805.9594862197,0.4940635349265076,0.12257859748376411,-0.10064557933817721,0.38289762097117297,328048.22,93.9991,93.1708,0.8283005,355098.30148225924
74,911693.2338853597,0.5159159134960847,0.10529738341823716,-0.1084806863326292,0.3960032427687853,329613.66,93.9991,92.6321,1.3669968,325864.2949150989
75,989272.2189264293,0.47500131350045594,0.09423096241771574,-0.012717401608699653,0.347553065009588,331711.3,93.9991,92.8043,1.1948013,409301.8927684781
76,1043740.46523043,0.5195734149247275,0.10279878132562667,-0.11781497604648988,0.38986080204309836,333709.06,93.9991,92.5309,1.4682007,330702.54673557566
77,971981.2151696401,0.4749479840503307,0.09454134845670684,0.007859045501318898,0.3840259193199601,335249.6,93.9991,92.8571,1.1419983,397435.8907547746
78,683804.9560795,0.49287288236687854,0.10820947344477799,-0.1068885938957378,0.4052528591359687,335786.75,93.9991,92.9521,1.0469971,360732.6676573088
79,1113293.6644014292,0.4786482009602074,0.09344103973964789,-0.017650763028483927,0.3381799129562998,338134.94,93.9991,92.761,1.2380981,422940.2990002606
80,640551.6590143597,0.515818636257176,0.11398513464207968,0.01783849773479408,0.4192486049176607,338414.97,93.9991,92.8857,1.1134033,324067.5666453438
81,1354706.3676205005,0.5238275134557377,0.0981010248125032,-0.086188105231963,0.3325375829364626,341507.47,93.9991,92.3185,1.680603,352254.4667747683
82,153346.36531457002,0.45950154646256297,0.1377433905167813,0.06986339688724415,0.3641471171077343,339648.28,93.9991,93.4392,0.5598984,334337.7114669062
83,1026265.83774536,0.5279518230081761,0.10293400855230234,-0.156818928395988,0.3953350942652891,341052.72,93.9991,92.4828,1.5162964,301801.93752812233
84,661494.8926335695,0.5086717176738631,0.11210993813888655,-0.057172393055099496,0.3672293362003019,341770.12,93.9991,92.8942,1.1048965,363864.9301956551
85,1037473.4423092894,0.5201925810292003,0.10314579893518823,-0.06873900891409089,0.3996605372284008,343296.38,93.9991,92.5721,1.427002,331483.50550865027
86,1051572.6737685697,0.5202519365356775,0.10386764003899067,-0.03135270845585452,0.3812821686019036,345052.8,93.9991,92.5775,1.4216003,348977.7979369896
87,924206.2414705703,0.515693196882379,0.10549181851681451,-0.007600195654958952,0.45510726495877535,345835.1,93.9991,92.647,1.3520966,306113.0857722709
88,982906.70331336,0.4728728065291054,0.0933585984065066,0.053437101190937704,0.2901383468880719,347711.7,93.9991,92.861,1.1380997,450622.1243665653
89,369275.75021257,0.49229755171127165,0.12279603012362288,-0.07273681509724768,0.4244753404130031,346835.66,93.9991,93.1904,0.80870056,332471.95711828605
90,157369.07243663998,0.4580404510813631,0.13688866940366273,-0.03706546049420788,0.34119765309124156,345208.0,93.9991,93.4247,0.57440186,345956.4399828431
91,368097.8232985001,0.5015967253520391,0.12498901583850235,-0.09579343684272555,0.3764721666018873,344680.38,93.9991,93.1523,0.84680176,350339.18284157175
92,380214.5265304302,0.49479925930088653,0.1229147585032825,0.003930422388444281,0.4333505460356153,343895.2,93.9991,93.1762,0.82289886,330121.85731280234
93,379741.2886695701,0.4972875452007136,0.12334804399543298,-0.09270364834299198,0.4375861551683846,343110.12,93.9991,93.1629,0.8361969,323007.5024102409
94,642901.5576265,0.5174373533467781,0.11323346841969868,-0.11720130845566332,0.4127863793873554,343302.5,93.9991,92.8819,1.1172028,323474.2622140717
95,727540.6597785697,0.46218033664901287,0.09517072062121872,0.033072605504601935,0.3213424423391889,344192.78,93.9991,93.0693,0.92980194,461139.25291475176
96,157182.45530442998,0.4590530391658194,0.13681736563443062,0.04343243650564889,0.38073467589793913,342516.5,93.9991,93.4351,0.564003,321972.3775886205
97,675084.7772824303,0.5106018026827237,0.11130132558708854,-0.17919820170476122,0.38689810411365233,342782.97,93.9991,92.8583,1.1408005,323132.85411006067
98,145623.07048121997,0.4589361299528387,0.13951090771011224,0.13572871305651085,0.3375817012550494,341169.62,93.9991,93.449,0.55010223,332778.65042301035
99,708865.6442475697,0.4605816005290234,0.09493144927948834,0.026687656536823416,0.3232523963822862,342090.9,93.9991,93.1114,0.88770294,488109.5750700468
100,1039580.40363843,0.5216450816595524,0.10291398954078121,-0.1870519083791462,0.3795196034703823,343343.9,93.9991,92.575,1.4241028,329080.6661306375
101,600200.9995385697,0.4586633825532915,0.10118004199211089,0.09872456513175963,0.31921178118549465,343641.06,93.9991,93.0741,0.92500305,403949.7361945427
102,903017.6309294308,0.5168942505075024,0.10605561029253092,-0.08767784679204707,0.36841262503782757,344885.3,93.9991,92.7168,1.2823029,367930.8138355277
103,1709168.8827245696,0.4683327812639653,0.08042684315484906,-0.1491461059915822,0.33292403426068023,347387.8,93.9991,92.6287,1.3703995,441583.1729222807
104,1139031.0161704298,0.4687041011007395,0.08818745579088151,0.05995082098866161,0.34646299332992364,348964.88,93.9991,92.8016,1.1975021,428375.1457767692
105,647425.9822774301,0.5112810437069739,0.11247805958405,-0.10255728948668548,0.38976499232160156,349205.72,93.9991,92.8949,1.1042023,339153.43691681046
106,2637011.799252431,0.5091647575119829,0.0866817600118177,-0.11222621406824444,0.40240710594944445,352705.53,93.9991,91.7172,2.2818985,317142.53088386904
107,663576.0109855701,0.5113820624334905,0.11261903522506064,-0.1362962938153852,0.427989730930731,352807.34,93.9991,92.9182,1.0809021,336478.90450605087
108,153761.80766222,0.47458116955545,0.14490845712372694,0.005738358153482374,0.447587364641023,351152.5,93.9991,93.3933,0.6057968,284634.8983371092
109,1044842.9993535005,0.5209364152327164,0.10281151917058559,-0.12576469293453046,0.3677194421722275,352433.94,93.9991,92.5493,1.4497986,339433.3215760847
110,1911446.8265274307,0.5353631752407813,0.09052965500321215,-0.08961103438423379,0.3873051185137455,355039.5,93.9991,92.0051,1.9940033,321790.1890374638
111,1004639.8323484295,0.5323672151922223,0.10779598393451793,0.039742349820764925,0.3953591694845339,356112.97,93.9991,92.3986,1.600502,296948.86371663195
112,770576.7671754303,0.44710012187783676,0.08267949051172438,0.1377476290647442,0.3164306304482619,356657.25,93.9991,93.1581,0.8410034,496568.5205013719
113,663842.43174843,0.5097135866499312,0.11193986432146857,-0.014299944079377585,0.3708608769288447,357045.06,93.9991,92.8992,1.0998993,364458.1049308985
114,649958.2402612197,0.5114339229939006,0.1125837421254387,0.02734456140273096,0.36115626346375757,357384.0,93.9991,92.9031,1.0960007,361332.8812686209
115,1110430.140585291,0.48056878535861314,0.09461049206518952,0.02705057188049706,0.4039748358107458,358408.53,93.9991,92.746,1.2530975,380040.5628344707
116,152409.9448815,0.4748416453889187,0.14428703000500429,0.050058463151089666,0.3960926275402128,356924.0,93.9991,93.3989,0.60019684,307763.42935394903
117,1050469.54560343,0.4936896905363439,0.09981198100480841,-0.03311628205080227,0.3725959685507856,358008.66,93.9991,92.7179,1.2811966,378483.42831251625
118,157667.11197743003,0.45930479588334844,0.13784604273162787,0.12237761310688308,0.37355567428799424,356575.6,93.9991,93.4317,0.5673981,330413.5664267831
119,156329.26036529004,0.45409021876049427,0.1356956424219237,0.028116639584637393,0.364030293410419,355176.12,93.9991,93.4353,0.563797,334585.50715570245
120,908688.6580414298,0.516300249704234,0.105525629308957,-0.04244841275587013,0.410180145468943,355814.22,93.9991,92.668,1.3311005,324834.04470004997
121,1483932.7296935702,0.531491211601302,0.09560752803438742,-0.06984245989838123,0.4231333435809803,357372.5,93.9991,92.2432,1.7558975,310909.36952510895
122,378652.38952543,0.49368205099864876,0.12339396792019779,-0.03156524992571657,0.4375226499845079,356631.84,93.9991,93.1673,0.83180237,320116.42932751356
123,906341.2852794295,0.518137966910911,0.10599111207018078,-0.12325293255679903,0.40305051365710537,357273.6,93.9991,92.6727,1.3264008,328865.1788131844
124,714972.4211285702,0.4668014705600319,0.09734201635722288,-0.04585839881019222,0.2984804993655599,357940.75,93.9991,93.061,0.9381027,469742.70375085855
125,920775.2646793599,0.5172790662555351,0.10542944632662679,-0.06254439376086551,0.3853041713720642,358802.56,93.9991,92.6804,1.3187027,353778.8562713886
126,372129.92335743,0.4902395520488731,0.12254087291152577,-0.10559720303001795,0.3817581071750177,358271.62,93.9991,93.174,0.82509613,353136.4503711388
127,1032029.3608044306,0.5207353726199212,0.10301352715833414,-0.13492760852762242,0.3925191484003249,359135.25,93.9991,92.581,1.4180984,330595.47465128853
128,158463.72406157,0.455573969360015,0.1352995478641053,0.15627520014378876,0.40271029799726443,357666.4,93.9991,93.4359,0.5632019,301232.374668481
129,377647.74825735996,0.48451645650106545,0.1201320354818,0.01591963383346379,0.39379685361882116,357129.7,93.9991,93.196,0.8031006,358476.2899692429
130,1508036.5707506405,0.5303217599651596,0.09606533075559497,-0.11653979588122106,0.40759901494568995,358574.03,93.9991,92.2461,1.7529984,311660.582956203
131,2131886.285540568,0.5320213995508126,0.0890664703234602,-0.0998950201737689,0.4039116408379499,360887.5,93.9991,91.8917,2.107399,315057.32032257103
132,660133.9017933597,0.5176246512059908,0.11257135766446014,-0.01662735857494306,0.3786927123624866,361225.38,93.9991,92.8936,1.1054993,367094.642282154
133,1508732.0124345704,0.5314547863813357,0.09531542193282044,-0.051524781813731456,0.40799960787039685,362759.84,93.9991,92.2304,1.7686996,320486.784279512
134,1367659.7207035702,0.5257475039676762,0.09851109879727156,-0.10416687779855889,0.4144315485968632,364007.03,93.9991,92.3681,1.6309967,325647.53888558404
135,732107.0920785705,0.4615604846159013,0.09423133975050955,0.062021842676280046,0.3315209460404423,364416.84,93.9991,93.0886,0.9104996,461000.10703348933
136,551038.7850773601,0.5139083799413735,0.11721269287233954,-0.08464113186725983,0.37204926855573384,364429.5,93.9991,92.9461,1.0530014,347722.64723131777
137,576550.7886402899,0.5070705111547451,0.11468143612169608,-0.10669816149901108,0.4244635276119481,364257.62,93.9991,92.9977,1.0013962,340235.0054970445
138,1415954.8739705712,0.4930066933900777,0.09378698550841766,-0.016965808430522793,0.35231076646532267,365874.5,93.9991,92.487,1.5121002,389527.072186328
139,143530.82686857003,0.45992487234885326,0.14060607213545945,0.06607841382883008,0.3720579691621526,364531.62,93.9991,93.4446,0.55449677,320777.18997103424
140,156315.71720929004,0.46109265344363076,0.13849689870623452,-0.001996079508338777,0.38020381434467626,363276.38,93.9991,93.4356,0.56349945,332815.8749611071
141,150372.72042035995,0.4568505825076362,0.13849431798062378,-0.10306331123733385,0.36495123050572564,362045.78,93.9991,93.4391,0.55999756,336665.4674257826
142,1364487.848295431,0.526410167435975,0.09771639085320301,-0.1174648888944772,0.3830252587854924,363332.6,93.9991,92.3809,1.6182022,337448.6049404955
143,730837.62250343,0.4632745049967899,0.09512105586527142,0.03573645999495877,0.30585211698350157,363848.62,93.9991,93.0939,0.90519714,483477.79151943914
144,666090.6650035703,0.5103184579980934,0.11264443381051775,-0.07449437813458304,0.38288904357509695,364052.72,93.9991,92.9143,1.0848007,362685.94651772745
145,1061890.60987143,0.48493368999298736,0.09688493986000797,0.020848814117622776,0.37716525851011234,364936.75,93.9991,92.7453,1.2537994,393301.7057524558
146,1028209.3522572897,0.5249397712209638,0.10401999150564574,-0.09183725186333425,0.40647513723212064,365624.47,93.9991,92.5597,1.4393997,323767.8387698469
147,640456.9901354301,0.5169286868198185,0.11324130214524548,0.008601515106003703,0.3963437852671326,365700.34,93.9991,92.9028,1.0962982,343750.9769863989
148,786511.0152774303,0.44769217331974726,0.08278656743098939,0.092336453670198,0.33107452377151014,366033.16,93.9991,93.1586,0.8404999,494098.58384744945
149,653866.1492694299,0.5181376993648031,0.11281386722214183,-0.17091036074380647,0.37402160825299585,366159.56,93.9991,92.8974,1.1016998,349453.851711386
150,660803.23207557,0.5174580889981365,0.11250090145150976,-0.06117665682544612,0.3635317387466946,366431.28,93.9991,92.8791,1.1200027,363561.8805585188
151,157767.71582543003,0.458342035899472,0.13620365973413018,0.12214946422071354,0.37054663079407607,365221.44,93.9991,93.4367,0.5624008,324562.06517738604
152,659805.89598657,0.5092928918616836,0.11190226804213947,-0.019870588962070956,0.4050511391029438,365307.38,93.9991,92.9095,1.0895996,347255.51479915204
153,380569.5690025699,0.4933396866736489,0.1223259477837992,-0.049964178332851994,0.39589561118423816,364823.44,93.9991,93.1706,0.82849884,350973.2206395101
154,1295168.1546784304,0.5338903203991225,0.10359126497630668,-0.11099409982746886,0.40218468214413056,365836.03,93.9991,92.2091,1.7900009,291494.11726310925
155,150439.26596749996,0.46062378232473494,0.13943847343895774,0.14739872825993922,0.3223160862718831,364714.38,93.9991,93.4303,0.5688019,335547.20232368115
156,738380.3451852202,0.46050250177745944,0.09376456109896752,0.11938461361222723,0.320512309823921,365056.94,93.9991,93.0984,0.90070343,464635.3362937628
157,387937.58397757006,0.48325811757265047,0.11888844682130219,-0.1374831214751065,0.4011459922891446,364530.97,93.9991,93.1915,0.8076019,349127.1473398599
158,701399.7435692904,0.46532790029135407,0.09910911390602105,0.01181166542924127,0.3341452094360005,364863.75,93.9991,93.092,0.90709686,460196.4807087012
159,151355.87980343,0.4634845336101381,0.14000714414591045,0.07180292597985354,0.3660555328019396,363747.84,93.9991,93.4328,0.56629944,329011.95928537316
160,157346.57663828996,0.454022503691874,0.13531688677626091,-0.03351037772062287,0.3793495033253099,362646.44,93.9991,93.4556,0.5435028,343000.8822536584
161,655485.46322136,0.5091525939568535,0.11216855874477043,-0.054357981666340205,0.3935789556975136,362768.06,93.9991,92.925,1.0740967,355973.4569795878
162,659260.9234024298,0.5109126426657021,0.11217444385164797,-0.010105544091861669,0.37974870798734617,362901.38,93.9991,92.874,1.1250992,341748.0176169693
163,665589.9011965,0.5114101060239118,0.11200399934472174,-0.1011297650994549,0.3720097980224235,363104.75,93.9991,92.9005,1.0986023,360688.6616848899
164,1037970.4028384293,0.519074178390595,0.10370438145926122,-0.14406340241545107,0.3923601703638018,363759.2,93.9991,92.5656,1.4335022,328627.2409870848
165,2545207.4325524303,0.5324153077209314,0.08702853759606381,-0.0738495225743942,0.41306589009281736,365897.5,93.9991,91.7992,2.1998978,326706.3447123649
166,151055.38287649996,0.4612490727192683,0.13949744713413337,0.011597705581852306,0.3492944153065544,364878.62,93.9991,93.4403,0.55879974,350292.4672423232
167,362135.02682957007,0.49574739442722965,0.12449420217078848,-0.02086087746012673,0.39554198119308476,364424.16,93.9991,93.1703,0.8287964,348127.5129505656
168,728759.5682553599,0.4634313950516945,0.09534042130945392,0.0654722762173978,0.2959748984062472,364879.6,93.9991,93.0928,0.9063034,487025.74262716394
169,154669.51094043002,0.473276474024335,0.14392741610332488,-0.12179213466543633,0.3892770561110918,363786.72,93.9991,93.4026,0.5964966,300238.9711996812
170,727280.1789712195,0.4513236258537695,0.08810698766832444,0.050108434996742814,0.31931608136091477,364068.2,93.9991,93.1459,0.8532028,482789.04128875636
171,647399.9238414299,0.5070488705418479,0.11295533360298397,-0.17102372347291733,0.3977100579709817,364064.0,93.9991,92.9448,1.0542984,344632.40459282626
172,156895.21145729,0.45754794669212023,0.13601195007633646,0.07177858973769823,0.3547508006559474,363057.56,93.9991,93.443,0.55609894,341574.0817676491
173,730955.9030515703,0.4630975242305077,0.0950006541538832,-0.01730834446634843,0.29737849715379394,363537.12,93.9991,93.0857,0.91339874,488833.3836206204
174,957178.6737342901,0.474875053033055,0.09490163298454549,-0.036817049070636924,0.3484106351980418,364230.9,93.9991,92.9113,1.0877991,445806.671757576
175,929632.9681515702,0.5014303899797782,0.10371241183963849,-0.05981425121925505,0.3255302659325674,365004.47,93.9991,92.7479,1.2511978,399920.4009007303
176,148621.86460543,0.47730172881351773,0.14651487867142712,0.055248516370855864,0.4180646884117222,363918.5,93.9991,93.394,0.60510254,285550.2776499038
177,155973.29699143,0.4651311976384612,0.139726684377312,0.0324426148197658,0.432904787219282,362837.16,93.9991,93.4282,0.57089996,300300.12073798466
178,1944386.4891494992,0.5305373884168603,0.09093454477161672,-0.23882798489875406,0.3810273085549926,364218.16,93.9991,91.995,2.004097,304393.6468287699
179,414304.9873922903,0.4427510928810198,0.0973868096518157,0.09545478577595479,0.28859118806401757,363972.0,93.9991,93.3149,0.6841965,467566.96604544367
180,1495760.8196074304,0.525321540815045,0.09710264718305708,-0.10790981276841502,0.3702481939958564,365212.88,93.9991,92.3196,1.6794968,350443.7251299555
181,388395.36124343006,0.4815262070711424,0.11841555172636745,-0.016721140909274772,0.4452803226379325,364700.8,93.9991,93.1969,0.8022003,339089.40512568475
182,153183.95757942993,0.459977072737605,0.13859921254058402,0.07575706293155844,0.37887045192227486,363690.44,93.9991,93.432,0.5671005,317050.5033528957
183,660503.17636543,0.49397856829924075,0.10919338417603101,-0.10880944773793834,0.34495206164243686,363901.1,93.9991,92.9794,1.0196991,394677.9244258775
184,378724.33580143,0.491920529221786,0.12216626996836012,-0.07183437328342171,0.35929084995979427,363581.16,93.9991,93.1818,0.8172989,372825.754897443
185,155733.28280242998,0.4614250200481797,0.13841831013194653,-0.008859326407507556,0.431820873646662,362545.8,93.9991,93.438,0.5610962,304775.94586838636
186,152499.72740042993,0.46063336819125,0.1383289612118873,-0.04610256419481451,0.40304030141791913,361557.5,93.9991,93.4375,0.56159973,316473.71666057705
187,658823.8080924299,0.5110304354256059,0.11300594607275449,-0.11723856780894727,0.4112253865272231,361613.66,93.9991,92.9053,1.0938034,340200.2833954424
188,160056.97110535996,0.45252697280363147,0.13514270450587842,0.06988743132118273,0.37113647513824016,360681.62,93.9991,93.4456,0.5534973,335072.3428485531
189,157591.68556743,0.4606570604097974,0.1370597562383483,0.00570754959280405,0.35389373408582064,359821.7,93.9991,93.4297,0.569397,346492.7925621906
190,154160.98025380005,0.4615225137386716,0.13886478296348553,-0.06314520280880277,0.3483275495996064,358966.56,93.9991,93.4417,0.55739594,352521.53397072264
191,653552.9190332898,0.5172597357037818,0.113799556468262,-0.1286365950284713,0.3832775863694676,359081.78,93.9991,92.8882,1.1109009,343042.64773571084
192,928103.16543357,0.5192810656512196,0.1053186706647409,-0.14292518398841653,0.3855544105503819,359569.88,93.9991,92.6649,1.334198,339740.45735198376
193,2698156.1774764275,0.49418917562763076,0.08335706337466338,0.007124574054347796,0.350012190206397,361937.84,93.9991,92.0011,1.9980011,409886.32660242775
194,1363041.6705632908,0.5264739047751749,0.09764107324903841,-0.10495885923632203,0.4230377365815051,362766.47,93.9991,92.3724,1.6267014,321827.4292212617
195,1122840.5713853596,0.4783121697410694,0.09362696245946452,-0.01850898124688414,0.3334799196308605,363624.6,93.9991,92.6962,1.3029022,407518.1066190174
196,1364898.9534614307,0.5260621811173739,0.09771426144634816,-0.06709666963366645,0.3877538143861625,364568.5,93.9991,92.3122,1.6868973,325790.0345443907
197,733187.5971285698,0.463112108220202,0.09478470910592932,0.14568766435040414,0.32445602480322017,364793.1,93.9991,93.0515,0.9476013,431656.522831172
198,901326.9064746399,0.5166334276699458,0.10722779258223725,-0.052535655855337655,0.41047982512016523,365146.12,93.9991,92.6623,1.3367996,325438.9521252513
199,153227.13995143003,0.45860983347473006,0.13773190047901052,0.06732697434206471,0.41645218809181683,364202.44,93.9991,93.4462,0.5529022,319061.8613734763
200,1569848.13510336,0.49656653198786027,0.09270103996267991,-0.035653073762822896,0.36595609973042736,365402.56,93.9991,92.399,1.6000977,378370.58729366126
201,1094241.8566564312,0.4798527331494252,0.09418653742700656,-0.03477123238348995,0.3470655012030628,366132.7,93.9991,92.7546,1.2444992,412123.1457970332
202,656570.5591563595,0.5108207096597647,0.11284002407817297,-0.1472827258207522,0.3873271136481303,366227.94,93.9991,92.9354,1.0636978,362388.0956232996
203,378891.4012304299,0.49326152905186765,0.12289668205446781,-0.03140804429195976,0.4044142427019543,365851.84,93.9991,93.1851,0.814003,355656.5708549672
204,1337657.0329844293,0.5228975502515321,0.09794514544985243,-0.0744743257816091,0.3945084982839075,366691.75,93.9991,92.3391,1.659996,324116.4190399244
205,1065172.0161805695,0.5184362235420603,0.10276633925234852,-0.1894914689510619,0.34580788349349595,367324.44,93.9991,92.5904,1.408699,352826.2887816384
206,656791.1742652896,0.5086033569184347,0.11316915659824604,-0.08326831360686754,0.41088765526511883,367328.53,93.9991,92.9316,1.0674973,344894.77516809397
207,1027479.2262505703,0.5217437619454575,0.10351880460996686,-0.0957607217246235,0.3882385890322533,367893.6,93.9991,92.5776,1.4215012,341092.4180255193
208,157860.12100656994,0.45653846922572605,0.1358298696916386,0.02984304667314943,0.4007647778947936,366987.12,93.9991,93.4404,0.55870056,319385.5110261971
209,923645.66615243,0.5166973385196082,0.10534873267969677,-0.02587063380244194,0.39368516119328245,367422.4,93.9991,92.7079,1.2911987,355013.95395827113
210,666962.9750784298,0.5177843891327532,0.11237194431006055,-0.06910535560365176,0.42841611729730855,367406.22,93.9991,92.8822,1.1168976,325908.9518884227
211,710370.0429215699,0.4620455815840092,0.09505185423235393,0.05161107219894176,0.29298468369940583,367719.34,93.9991,93.1162,0.8828964,491322.23417425883
212,377978.6363665,0.4961115269637756,0.12319094254535022,-0.05084055501479691,0.3721810467868177,367380.94,93.9991,93.1826,0.8164978,362079.81413941225
213,159576.28040436003,0.46278818065361127,0.1384890249097233,-0.12453420787057448,0.3814967385036689,366536.88,93.9991,93.4261,0.57299805,325919.1072784185
214,149781.70851456994,0.45987948445846294,0.14071789685360678,0.05640737619026056,0.4271786345675984,365628.84,93.9991,93.4417,0.55739594,307345.40624583565
215,1302486.8452295696,0.5361031102968329,0.10361980332346774,-0.0878458197516356,0.41176595417367134,366359.94,93.9991,92.2114,1.7876968,292861.7153477433
216,1533189.60343636,0.5287484835671535,0.0954091844581728,-0.1069498436377691,0.4316833892928701,367160.34,93.9991,92.2453,1.7537994,307929.6974808383
217,1090871.36629943,0.47894595619158203,0.09402031249507814,0.0930684098643698,0.3376497296320355,367818.4,93.9991,92.7884,1.210701,421753.0176973374
218,651642.2835943599,0.5115097742270275,0.1125276355449973,-0.1187233840860891,0.39453680036343314,367846.3,93.9991,92.9011,1.0979996,340553.60512196866
219,657070.4743054301,0.5180839904685376,0.11272916963993264,-0.18334980230108266,0.3814750075805554,367856.7,93.9991,92.8931,1.1060028,334654.603806631
220,707824.9493445,0.46091877508907275,0.09450280854235192,0.06946099217713642,0.29195881628774517,368149.38,93.9991,93.1168,0.88230133,490242.510941846
221,682030.3522754306,0.4659591857477803,0.09904645152777858,0.05951753973751574,0.3185052615901185,368368.2,93.9991,93.0635,0.9356003,445413.59346115886
222,106916.5476955,0.4444458195018363,0.14282483317760936,0.005010717509082888,0.34348462735747104,367474.28,93.9991,93.5192,0.47989655,352217.53979217296
223,373499.52936442994,0.5180201926541238,0.12664798755794565,-0.1756034850241907,0.43246296322598843,366995.62,93.9991,93.1129,0.88619995,293674.312467943
224,902351.5465615703,0.5213087457737032,0.10626406520304826,-0.10707020725278889,0.34776700979960423,367469.94,93.9991,92.6777,1.3214035,358492.723966194
225,152249.81726943,0.47491811368560494,0.14448731627740133,-0.0591412129215669,0.3873938893029997,366670.12,93.9991,93.4071,0.59200287,315391.62763061846
226,1053767.8484805701,0.5226091080443614,0.10374269628470971,-0.09823564438378897,0.404658935933088,367154.03,93.9991,92.5727,1.4263992,334067.7904204916
227,923370.5259515699,0.5233825119372332,0.1053876722353288,-0.06979253764647683,0.37827308017100353,367560.12,93.9991,92.6451,1.3539963,339546.8105118125
228,1540600.1141772901,0.4962951646769875,0.0931107165339406,0.015446737717072778,0.38420194986862033,368497.03,93.9991,92.4403,1.5587997,373434.652397601
229,694884.59640057,0.48145168752199924,0.10445934787881533,0.026047687910756737,0.3908859379521796,368598.94,93.9991,93.026,0.97309875,402771.3973974775
230,699891.6829732895,0.46362969784785496,0.0969881763421442,0.008968963489351656,0.32367320739371436,368862.78,93.9991,93.122,0.8770981,489738.10776845954
231,1504609.3074864289,0.5281436715212874,0.09567791300287698,-0.13189000286215175,0.4028433653911708,369672.25,93.9991,92.2703,1.7287979,321990.2249465515
232,676273.57062143,0.5113998855647632,0.1116580781580363,-0.026310495379969805,0.401191017211469,369724.28,93.9991,92.9041,1.0950012,348670.5769673001
233,1517504.616076219,0.5255202921517694,0.09567892031111133,-0.0957561672539959,0.380791767801851,370636.3,93.9991,92.2375,1.7615967,331029.71078644576
234,1063306.81313657,0.5115350164040868,0.10207877537773512,-0.04002129263381798,0.41959711587001614,371043.47,93.9991,92.6328,1.3663025,341297.61922342825
235,1522603.5790725695,0.5248846597397049,0.09541871018501161,-0.11013559118977614,0.38545263907257277,371866.97,93.9991,92.2052,1.7938995,315172.83650433057
236,1346462.5760205707,0.5256076338909101,0.097910823979918,-0.06441076675733452,0.3997975516636563,372547.97,93.9991,92.3629,1.6362,325914.1334287347
237,371121.42524936015,0.4942032366043412,0.12344562031191354,0.05017992699699056,0.4351605543540735,372109.94,93.9991,93.1803,0.8188019,327671.97714673454
238,1509782.85791743,0.5262580059889272,0.09582738842165868,-0.13532168437908584,0.3905848376573516,372931.6,93.9991,92.2801,1.7190018,330706.1507720211
239,384090.27190556965,0.4946446925232026,0.1224139956308022,-0.08467114517314925,0.3937626353024955,372595.53,93.9991,93.1672,0.83190155,351339.7913652613
240,148492.33596764004,0.455795836441582,0.13746806579713822,0.029597943256426926,0.39063254293900895,371805.75,93.9991,93.454,0.54509735,334355.5632133883
241,729685.4816915699,0.4599496499627131,0.09364093859789399,0.13510290303815245,0.34558549250249193,371937.94,93.9991,93.1231,0.87599945,460951.9976002229
242,152890.59440443,0.4604748738505666,0.13817606266690124,0.012315060649263231,0.36559353590724675,371177.47,93.9991,93.4396,0.55950165,334482.64071215276
243,151298.66285657004,0.46258806642046496,0.13973602237490948,0.08734086129121518,0.37491215142182854,370408.44,93.9991,93.4427,0.5563965,329865.2479719819
244,381397.7305915701,0.4941832321762413,0.12254167726751501,-0.07648480934726577,0.3869887031226629,370114.25,93.9991,93.1925,0.8066025,369862.13380303304
245,1103893.9689382196,0.4803271230177599,0.09469482525486835,0.0022105574420714213,0.3277442408826258,370744.75,93.9991,92.7583,1.240799,423290.8071340465
246,379507.21624243027,0.4968200770614406,0.12368316209879927,-0.05197856041823266,0.43924120956056617,370353.97,93.9991,93.1731,0.8259964,331987.1117233168
247,382581.53640329005,0.49383146507403985,0.12272885173442977,-0.10727849840098119,0.41634928285086775,370008.53,93.9991,93.1619,0.83719635,340046.16340239963
248,668422.4449003604,0.5118527745784383,0.11197643208612987,-0.06848999274871959,0.4000050613630677,370046.25,93.9991,92.9283,1.0708008,354311.6745656832
249,1703776.353687429,0.4659147110051248,0.07848428941315125,-0.016615848512698622,0.32295335523735647,371084.66,93.9991,92.5874,1.4116974,446020.5345368119
250,149443.69169329002,0.46092394603030556,0.1391526052014533,-0.09535401215065936,0.40325229205933777,370306.06,93.9991,93.4495,0.5495987,319605.4766079916
251,663993.0890105701,0.5094346228743241,0.1122444442115827,-0.09969118766726356,0.3595739583808611,370419.53,93.9991,92.9116,1.0875015,366800.6905397184
252,721767.64244329,0.4611524706186547,0.09485315293047483,0.012399662198731676,0.3313036854325749,370614.84,93.9991,93.1116,0.88749695,473053.41185405734
253,1592038.2167714296,0.49479157573768023,0.09231669363462605,-0.1777174236108718,0.36204177548897265,371438.34,93.9991,92.4532,1.5458984,375044.00607131346
254,157092.92987536,0.45915517273613593,0.13678624030527844,0.021952694220982387,0.34097949518389326,370751.56,93.9991,93.4478,0.55130005,356089.055379069
255,1033808.1709934307,0.5249552823293454,0.10306719685045683,-0.07643020478337156,0.4125069246117383,371130.56,93.9991,92.5715,1.427597,327664.95139476703
256,741389.4566345694,0.45220203237468615,0.0880342624705354,0.07474074098097955,0.31242438748826024,371323.94,93.9991,93.1491,0.8499985,495088.3691370433
257,149954.85669628996,0.47419262944778967,0.14488957534231506,-0.017334990148596904,0.44966418515014484,370517.84,93.9991,93.4052,0.5939026,275047.53087587864
258,1054067.3579014307,0.5186936993317097,0.10273015505971722,-0.17213422703433126,0.3954164060776391,370896.53,93.9991,92.5868,1.4123001,331800.0741644206
259,723083.7357106397,0.46786981421262114,0.09767981583469276,0.042624967765691,0.341981764816729,371085.47,93.9991,93.0634,0.93569946,448887.130660309
260,154076.54610550002,0.47468445462511,0.1445812704577324,-0.09344765749998427,0.36322759884991523,370393.78,93.9991,93.4068,0.5923004,321713.3753822914
261,668092.6564245702,0.5119355401333132,0.11190191093340769,-0.18740119868510957,0.43666289617159343,370293.2,93.9991,92.922,1.0771027,319407.773857318
262,159009.94892742994,0.45968646632059285,0.1367299324523195,0.04405882632965987,0.3696526078796988,369618.03,93.9991,93.4402,0.5588989,344828.46362447774
263,991566.7772392901,0.47172321726919775,0.0924933902269369,0.0026913814186510393,0.3556233051361744,370017.56,93.9991,92.8687,1.1304016,420289.38566072186
264,737958.3404091503,0.4587407283344648,0.09294400533527374,0.020243102131513754,0.3459418820359425,370179.3,93.9991,93.1071,0.8919983,462874.4386855737
265,1112129.6817804305,0.4755824430400164,0.09209584305498224,0.007526424877696323,0.3339546674861141,370756.9,93.9991,92.7819,1.2172012,430347.644398706
266,22466.102471289996,0.4106178516658664,0.19045390658698325,0.07059299241710495,0.4883825965031964,369553.7,93.9991,93.6016,0.39749908,124523.07292287149
267,1512516.0253925705,0.5254899391116408,0.09551907753181804,-0.1434778683021049,0.3916032603038274,370280.66,93.9991,92.212,1.7871017,315808.340418075
268,2058620.2866705689,0.48735689681138106,0.08560278563729236,0.008526712363042558,0.3466865853352733,371489.2,93.9991,92.3354,1.6636963,417968.39126380277
269,971551.73584536,0.47532243073317565,0.09512588814063941,0.06177173899257988,0.2870662639491139,372039.06,93.9991,92.9046,1.0944977,475061.2524665345
270,1422824.1656252204,0.4882698957366198,0.09239397786181207,-0.090433114786871,0.38407323009974387,372691.25,93.9991,92.5906,1.4085007,389620.03828867216
271,155679.80187943004,0.463667828178796,0.13972436509860592,0.0438401925333199,0.3412134449894499,372056.62,93.9991,93.4316,0.56749725,352551.5690601143
272,297803.1992854301,0.4955544339285801,0.12955682018933767,-0.07500897525313893,0.4145644322413778,371610.12,93.9991,93.2427,0.75640106,330727.60518887156
273,668900.6448585003,0.5101348506783974,0.11320027963112025,-0.07811709527436561,0.43605346877382845,371563.47,93.9991,92.917,1.0820999,331601.15754652
274,383770.4923284302,0.4899586603686542,0.12138714507393465,0.030441047473552075,0.4197575581752956,371213.75,93.9991,93.1761,0.82299805,334616.220165959
275,1525458.729608569,0.46872563971989506,0.08223810993523942,0.08379941990835019,0.3249708440985917,372033.3,93.9991,92.6127,1.3863983,430908.918164991
276,378247.81471528986,0.4959198464588973,0.12366125955056545,-0.05890528952774291,0.398881518610426,371729.62,93.9991,93.1636,0.8355026,344598.52603610867
277,1045034.8698915697,0.5198416448488573,0.10308383534258972,-0.17196966050215998,0.3809758944468159,372103.8,93.9991,92.5747,1.4244003,334004.93708964577
278,763997.04119243,0.4477169853243089,0.08382404247879563,0.07236859264182509,0.2665067553092997,372396.47,93.9991,93.1743,0.8247986,550141.1448829884
279,665985.31077657,0.5183462196295965,0.11228818672342432,-0.11993041916075685,0.424514732511979,372381.9,93.9991,92.8827,1.1164017,329916.7942328637
280,378491.89582149993,0.4974721749771675,0.12367916194685438,-0.048159196407607685,0.4149698420020706,372082.22,93.9991,93.1733,0.82579803,348960.0478673121
281,1502693.8635466413,0.5241185359908485,0.09585908995442591,-0.1041365040049607,0.466387349569763,372547.75,93.9991,92.2686,1.7304993,290875.8184642326
282,1098727.4828745702,0.48004775689813983,0.09460140178234122,-0.00841528795030083,0.34013792028953205,373088.38,93.9991,92.7882,1.2108994,434009.3490384267
283,671373.39063529,0.5173903755876873,0.11224750772511266,-0.10117923428678438,0.3799489959954341,373177.47,93.9991,92.8983,1.1007996,361908.85537386226
284,158236.33163536,0.4624476160249451,0.13799921020089181,0.026374883519239584,0.41967443585149117,372499.75,93.9991,93.426,0.5730972,314138.3615003999
285,719863.2590394298,0.46093274402245976,0.0945138249972838,0.11456513972947659,0.32742833449291814,372641.38,93.9991,93.1379,0.8611984,479565.8148448131
286,157089.17747157003,0.46125002236052864,0.13825613046530474,-0.050528047671420766,0.402095401704216,371995.47,93.9991,93.4233,0.57579803,325234.2892133177
287,726788.12521543,0.45209477202453774,0.08796942614716463,-0.058703788695253875,0.3204641778097913,372166.22,93.9991,93.1682,0.8309021,506881.7188571111
288,918281.2446834303,0.51784455968972,0.10574600047940962,-0.15338508884799162,0.36280687161221725,372469.9,93.9991,92.7058,1.2932968,355628.9858524631
289,1070061.2154795704,0.4548963382901877,0.08082309074091298,-0.0433945451178938,0.3468774331224149,372887.72,93.9991,93.0012,0.9979019,494675.3395800971
290,156777.8559765699,0.45793628605803177,0.13669882980492074,0.06945809605366655,0.3919169719061857,372232.72,93.9991,93.4417,0.55739594,327026.5321991809
291,720502.0064974995,0.460558761835274,0.0939687879880216,-0.0013257611888548126,0.3201387431294171,372423.06,93.9991,93.1321,0.86699677,493445.296726922
292,378867.44094329013,0.49705999270577944,0.12358754926646487,0.012789180674306594,0.3531042726456951,372217.56,93.9991,93.1779,0.8211975,380194.9385995275
293,708289.1462945702,0.4594975570443301,0.09499624181661798,0.02650914809929173,0.2841498209887659,372452.62,93.9991,93.1443,0.85479736,516297.75864531315
294,379600.48596443,0.4959232169241192,0.12336539938378978,-0.16661444231445136,0.3798301141341756,372163.5,93.9991,93.1803,0.8188019,350708.17240141885
295,158932.99618043003,0.45731452951968465,0.13555390285153698,0.01719651224981912,0.4186720524576352,371504.56,93.9991,93.4404,0.55870056,317011.8205206293
296,917693.8035094303,0.5128677049193906,0.10686636639254934,-0.2046496713299635,0.3959560378749915,371690.56,93.9991,92.7115,1.2875977,331427.13261979056
297,1395943.15793329,0.4936653973035433,0.0943603765625716,-0.12269117150209556,0.334907024314317,372394.2,93.9991,92.5443,1.4548035,399621.24786541087
298,718712.5567913597,0.4627489353300198,0.09571551407172453,0.20395147133987773,0.2992446098486456,372501.53,93.9991,93.1135,0.8855972,456738.15726091753
299,929602.98359064,0.5170292543169513,0.10509508282125955,-0.20985885652419375,0.36549459327765177,372781.0,93.9991,92.7101,1.2890015,354028.42082416924
300,1041710.9257173593,0.4568909755219173,0.0830216687240863,0.09500944879210908,0.3154588075418943,373221.84,93.9991,92.9949,1.0041962,503366.92630471557
301,725043.5270194304,0.46003559596569327,0.09337292506308521,-0.0251442930762281,0.30914589463286013,373432.56,93.9991,93.1243,0.87480164,499377.3017505035
302,382535.7493505699,0.493246003377694,0.12296111864496856,-0.1971730388310218,0.40028292645115454,373101.34,93.9991,93.1859,0.8132019,335802.8563197655
303,150453.75931250004,0.4588249669696859,0.13802074009758655,-0.043799289620857544,0.3744367959734049,372471.22,93.9991,93.4532,0.54589844,332555.6317146232
304,378350.41962943005,0.49328359016612305,0.12259695233128905,-0.07246299688170432,0.41285128808815263,372174.94,93.9991,93.1838,0.8153,346016.2848766212
305,667021.9462592896,0.5102563072278455,0.11172795169622356,-0.10829004588982222,0.39062328893649145,372230.97,93.9991,92.8996,1.0995026,354089.54872050363
306,1056768.6205914298,0.5178453404652816,0.10250930089783325,-0.11630645704223305,0.3958544571538733,372551.9,93.9991,92.5811,1.4179993,331986.61689971475
307,1513045.9763064305,0.4962163447737261,0.09779329196249135,0.02818112926946593,0.3720694720919219,373280.56,93.9991,92.3393,1.6597977,359667.2573384581
308,2109145.7021814305,0.5324993632192062,0.08942427940147134,-0.11412731034282832,0.3895868582518601,374229.44,93.9991,91.9179,2.0811996,320238.91048847197
309,381154.7102324303,0.4918378852667359,0.12296812842080868,0.07043714755545519,0.35600144961127395,374014.7,93.9991,93.1826,0.8164978,376801.7576468261
310,1043465.4246445004,0.5265910147701472,0.10276148453257504,-0.08650295865418801,0.36512229942165525,374453.62,93.9991,92.5229,1.4761963,345836.90507217054
311,358781.83006143,0.497514399398552,0.1261391058112617,-0.059568293146850144,0.40399787301215445,374161.4,93.9991,93.1335,0.8656006,327262.0821991774
312,153429.95316042993,0.4640052920830144,0.13982133787731077,0.08417108571890052,0.3675443108569061,373570.53,93.9991,93.4388,0.56030273,337711.7325166938
313,1220267.6117793592,0.4520737686871733,0.07635150722797837,-0.07054035943811711,0.35614535503810346,374020.9,93.9991,92.9634,1.0356979,497234.7652359777
314,157608.52467522002,0.4616688608580152,0.13890461624427866,0.025917678213137958,0.4025819380012939,373421.06,93.9991,93.4258,0.5733032,322807.1226940224
315,146964.72567742987,0.47207063301776414,0.14444658986806827,0.0002610253096364512,0.41116574815993445,372793.6,93.9991,93.4207,0.57839966,302799.38336268783
316,1038299.11149043,0.5215773628933991,0.10303712603913708,-0.1289455265678574,0.41390883637498244,373063.4,93.9991,92.6212,1.3778992,332627.1797317278
317,376887.8627585701,0.49590722065045567,0.12330686666140786,-0.009532897430173576,0.4294509409269573,372739.0,93.9991,93.1782,0.82089996,328782.61216018006
318,1045090.2799545695,0.5216420508509111,0.10327668547573406,-0.0979848849309195,0.37568466064385003,373125.03,93.9991,92.6237,1.3753967,360538.54356057424
319,921880.1147892199,0.5239942829474633,0.1054173142507265,-0.09256085131636894,0.4258730207305884,373297.34,93.9991,92.66,1.3390961,319815.8852677179
320,1046642.1588405003,0.5178203522906231,0.10323174850234121,-0.09181636751503006,0.4094701753707123,373598.4,93.9991,92.6209,1.3781967,340977.468747977
321,2535872.720172432,0.5381985588326935,0.08517489055234718,-0.10979384673354364,0.4068203045790943,374668.56,93.9991,91.7312,2.2678986,316676.5148443557
322,705434.6101193603,0.46151445632318044,0.0952287693257913,0.043363336864702666,0.3000949648023156,374855.72,93.9991,93.1291,0.87000275,500134.21393683297
323,150717.87095743,0.4596522039211755,0.13834994552815486,-0.03382064301919085,0.3440981365731059,374295.2,93.9991,93.4545,0.54460144,354830.31601462304
324,156958.19929329,0.4610901994537449,0.13900674911011077,0.06625382143143073,0.33270505027941455,373764.56,93.9991,93.4283,0.5708008,353613.4750552491
325,922962.5158672897,0.5146594372213413,0.10599910418711929,-0.13990471893919654,0.3878185592882347,373999.4,93.9991,92.7141,1.284996,350447.16699218046
326,995711.6357545704,0.4697083800727903,0.09213045094282378,-0.05064712957021568,0.32210755261857926,374373.56,93.9991,92.9211,1.0780029,460436.9672533245
327,745083.9021845699,0.44759715262718597,0.08450559246055969,0.13946305270766451,0.2895831036823906,374540.3,93.9991,93.1721,0.8270035,518817.3404952504
328,923626.0919715001,0.5238563872698981,0.10533817743089934,-0.11448866189273006,0.40493122387861796,374755.53,93.9991,92.6531,1.3460007,330869.1195170602
329,374365.0057092898,0.5050381047795512,0.12530985464928937,-0.08021946419151772,0.39157191079386394,374508.3,93.9991,93.1437,0.8554001,342728.3847277315
330,151228.15970936,0.4716197432016242,0.14479225896832243,0.07716445415877032,0.4019091063817987,373913.5,93.9991,93.4158,0.5832977,304516.89589279663
331,1503150.044412429,0.5390899542622811,0.0939983464620069,-0.2309278258873182,0.3878920987871262,374388.16,93.9991,92.1235,1.8756027,283375.10144263384
332,2542635.8608345,0.5346119724095586,0.08672549287578209,-0.1201024583409832,0.391967093612366,375478.56,93.9991,91.8207,2.1783981,338547.084606822
333,986573.0390335007,0.4751787086085238,0.09451906038312723,0.1239702770963157,0.34192049642385236,375787.84,93.9991,92.9102,1.0888977,439691.4591117022
334,1103130.9379434302,0.4795364140588741,0.09423559722782383,-0.08312077449867936,0.3665363903989402,376132.56,93.9991,92.7852,1.2138977,404702.04755865526
335,1037895.0614673597,0.5209993426053366,0.10303684085643652,-0.10733296280310788,0.38750082683274556,376442.94,93.9991,92.6065,1.392601,344978.1186751048
336,157978.42023949997,0.454107528931968,0.13741659914885915,0.09161918641614214,0.3994510745799114,375873.66,93.9991,93.4375,0.56159973,328699.7419167748
337,149480.12532557,0.46032208179309464,0.1400280350428671,0.015046457386607133,0.37932799769712716,375306.3,93.9991,93.4457,0.55339813,332695.10346535995
338,155223.79891143,0.4600548871553563,0.1389329589913039,0.08370514373268526,0.3453469433768927,374769.2,93.9991,93.4359,0.5632019,343069.62316782045
339,671180.48031122,0.515373509693899,0.1129581638598342,-0.13863216398260844,0.4107844818684271,374758.9,93.9991,92.9031,1.0960007,338750.641454042
340,2015718.1058735684,0.5005492839812605,0.08956649102957007,-0.04340873751636371,0.36885808403749637,375679.97,93.9991,92.2369,1.7621994,390898.3901880866
341,152769.26799442995,0.4595133092259303,0.13890004947345944,0.09212291112802388,0.3107172560395459,375170.25,93.9991,93.4502,0.5488968,366845.838818739
342,990985.3142084295,0.47460954651085285,0.09418460081826929,0.10762108795504213,0.34802244426404944,375454.5,93.9991,92.8451,1.1539993,409593.2739221445
343,1426992.9997132905,0.4931049331404874,0.09365542046226508,-0.07868375397000206,0.36014124101323,376058.38,93.9991,92.4961,1.5029984,388019.13147799956
344,159053.28716543,0.45869721394476964,0.13622155099436986,0.04738088968065633,0.4002248114735923,375495.2,93.9991,93.4424,0.55670166,326492.6418035626
345,659656.1954974298,0.5116006862120613,0.1122853582480321,-0.09845371206178938,0.40695316396436515,375481.2,93.9991,92.9256,1.0735016,345271.98686685733
346,654675.68371343,0.5181377587271876,0.11286143024583611,-0.05911778465912722,0.3854136863094835,375524.2,93.9991,92.9093,1.089798,358235.2271515992
347,156121.05647342996,0.46468579647834435,0.13951788875258658,0.0771059088824716,0.3727629418480133,374978.2,93.9991,93.4319,0.5671997,327071.66347942123
348,1132999.69847257,0.4676112707621228,0.087785058293295,0.04450438957829071,0.3041418777094918,375454.34,93.9991,92.8633,1.1358032,476451.9873941479
349,911169.4007564296,0.519025726417164,0.1055739564157307,-0.233311297857006,0.39939343899262997,375570.47,93.9991,92.7442,1.2548981,331577.70154833654
350,653190.3419094302,0.5103797756938971,0.11231383260939139,-0.11005696008851826,0.4070119991982258,375560.4,93.9991,92.9307,1.0683975,348216.73720985826
351,393424.82844943,0.4747323778596114,0.11584007871852464,-0.052558569281156306,0.3541400682938017,375382.28,93.9991,93.2439,0.75520325,414277.4552542677
352,159796.0358094299,0.4595157284403955,0.13624963823003453,-0.029296648572199047,0.4186082323913125,374818.28,93.9991,93.4323,0.566803,311023.07242386864
353,679040.4525375701,0.48649026825968006,0.10651644679895549,-0.1158106689378884,0.3498431292373382,374889.88,93.9991,93.0199,0.9792023,408665.67123569857
354,376292.1318875701,0.49354222422138605,0.12417817165345511,-0.1240730812985548,0.3782431622775658,374652.44,93.9991,93.1812,0.8179016,355299.01553353446
355,723130.3906224294,0.46750255209468417,0.09747748601777063,0.03150723511632903,0.35254316755179704,374773.0,93.9991,93.0554,0.9437027,442477.8995262217
356,156738.63520142998,0.45824197601240557,0.1368073470205302,0.03188277793310161,0.36093803435823113,374259.7,93.9991,93.4461,0.5530014,346335.05854426115
357,663041.5459832895,0.5082164433236813,0.11173819961081091,-0.06839273454767096,0.3723346931198643,374340.0,93.9991,92.9417,1.0573959,381134.8028170366
358,146415.25737257,0.4707337037299403,0.14415557843043478,0.042937626570029794,0.3552388451450484,373818.97,93.9991,93.4242,0.57489777,325774.14497326175
359,656581.35237043,0.5183625388513874,0.11282131515228427,-0.04978244556798529,0.415556204656403,373804.44,93.9991,92.9013,1.0978012,335755.8992652393
360,1033649.7115805696,0.5138595698126713,0.10348509097711352,-0.05853629548162103,0.36838308604809816,374156.4,93.9991,92.6689,1.3302002,376537.7240997729
361,75580.42726435997,0.5032387678365781,0.19757567004677676,0.022203373003649673,0.4613458693741683,373447.03,93.9991,93.2279,0.7712021,152180.2791861727
362,644640.6098554299,0.5116842894855367,0.1128612637063068,-0.0662358744829266,0.4286614107805292,373402.9,93.9991,92.9549,1.0441971,342296.92445489776
363,155909.92935042997,0.4623882706778119,0.13960643443068324,0.0063866250372411225,0.36610009091939344,372899.1,93.9991,93.4245,0.5746002,330692.8010337053
364,152929.92601843,0.47340388399960426,0.14516466561268035,0.04122110711550792,0.3858550112877123,372380.03,93.9991,93.3977,0.6014023,305028.40758655017
365,661026.5166772901,0.5088860458098289,0.11220317263031221,-0.03780950092274716,0.4260925810735396,372368.2,93.9991,92.9235,1.0755997,342173.198592519
366,154699.51452343003,0.46019042614140815,0.13775479738562105,0.05517475130258217,0.376507215513109,371855.03,93.9991,93.4438,0.55529785,331432.57979662006
367,717783.6702355001,0.4628910009493969,0.0954415903344851,0.06337132659880762,0.3039157891378922,372010.22,93.9991,93.1164,0.88269806,485965.0613635426
368,660834.9353343605,0.5149128631790095,0.11392516680685176,-0.15041717206039906,0.3927758691020779,372036.12,93.9991,92.9054,1.0936966,348877.1279645977
