EPISODE,distance_traversed,mean_speed,std_speed,mean_track,std_track,reward_runn,fuel_start,fuel_end,fuel_consumed,rew_fuel
0,1318.21595064,0.20796797978352594,0.15373943012361618,0.6310286283493042,0.26403101339132284,36994.38,93.9995,93.8605,0.13899994,266146.7220535221
1,1154.43716564,0.19243318767533324,0.14135474072163384,0.6208547660533119,0.2626166530455082,36078.387,93.9991,93.8929,0.10620117,331092.3392611796
2,934.25926357,0.18362603658860044,0.14148126689092733,0.6019108109176159,0.2569722151138261,35157.836,93.9991,93.8829,0.11620331,286710.7466955954
3,831.0427745699999,0.17667580489940843,0.13826798230058857,0.5932992225693118,0.2547375994282192,34391.94,93.9991,93.8884,0.110702515,289914.37896813307
4,736.7193555700001,0.1692918748217065,0.13448637438792535,0.5835642298062642,0.2513713363456338,33750.94,93.9991,93.8957,0.103401184,301611.1571160789
5,650.6191775,0.16255299702750048,0.13164733938426734,0.57101879243193,0.2465298039079365,33197.258,93.9991,93.8963,0.10279846,296004.90246408375
6,101686.18783729,0.44917670535240617,0.14563962704516978,-0.08716833012444633,0.4045104902249733,71405.945,93.9991,93.2886,0.7105026,423162.523668815
7,151949.31900250004,0.4677591598589899,0.1404351116102199,-0.02791083514255107,0.45963985395072116,106817.8,93.9991,93.2165,0.7826004,453233.57339115144
8,303963.0906454298,0.4819690911517717,0.12489836200794027,-0.06976568817252202,0.36531753478190315,155526.58,93.9991,93.0906,0.9085007,600106.075912479
9,651168.5688392902,0.5127378521667271,0.11229047066628749,-0.07402098606113591,0.3889943029775498,217312.4,93.9991,92.5607,1.4384003,537670.1261293348
10,314408.6435915003,0.46218926878300726,0.1161983513565604,0.06555413348300351,0.32985882382940956,249148.78,93.9991,93.2055,0.793602,715109.8224212202
11,654673.0921782901,0.5172286774845405,0.11232558289770772,-0.101575474942822,0.39573733748885725,293585.22,93.9991,92.7245,1.2745972,613830.1107003083
12,154494.41964336007,0.44637199559931773,0.13058524324506038,0.02472061200258841,0.4136032283136693,300208.72,93.9991,93.4385,0.5606003,677292.8892480462
13,289033.49384129007,0.48127742740377016,0.12675219570478616,0.07351675493602487,0.3884859658121274,316012.66,93.9991,93.1713,0.82779694,629941.5638608144
14,576983.8077495703,0.49815433961617056,0.11378523560535182,0.04276215197579821,0.3353536639903973,346111.16,93.9991,92.8644,1.134697,676383.5457664715
15,298072.87345543015,0.48477466116707163,0.12655694527434705,0.044526308415381646,0.3972699389053806,357427.12,93.9991,93.1612,0.83789825,629153.7953731243
16,628950.2217374304,0.4610022671171288,0.0973125678535721,0.0065757472884951755,0.36134384433637323,382260.8,93.9991,93.0197,0.97940063,795996.6731113471
17,293870.14805143,0.49564454094592625,0.130828240406558,-0.08367328450718112,0.40944054139645625,389941.44,93.9991,93.1649,0.834198,623967.054577215
18,1896935.2253252899,0.5218583977899253,0.09149431058578908,-0.15647686724057125,0.3945424805309249,435875.06,93.9991,91.732,2.2670975,556959.0171001963
19,549383.1995425699,0.5108935858085961,0.12024875126425964,0.09405061203350841,0.38363656108492583,449864.66,93.9991,92.8141,1.1849976,603939.5751625418
20,293352.36043142993,0.4923978151699819,0.13112201748373342,0.06228040807910612,0.4193222776020492,453442.7,93.9991,93.1829,0.81620026,643228.7662374685
21,297222.0902562899,0.48739146184019383,0.12849935044171393,0.010266459833671507,0.38643950513566444,457199.47,93.9991,93.2347,0.76439667,701326.3867337711
22,630655.4586554305,0.5227541633923315,0.12156309022889639,0.02362685587106666,0.443080361312997,469185.47,93.9991,92.634,1.365097,536868.1456744605
23,962217.3257212903,0.47684793607612097,0.09675820060929297,0.06961356684009788,0.39048999551354574,488897.38,93.9991,92.7238,1.2752991,738863.0782129392
24,564896.08097929,0.5040785564530754,0.11460743179697898,-0.03784593383334478,0.41211252263029924,498213.16,93.9991,92.9382,1.0608978,680359.8258586471
25,300425.26359257003,0.4860377001272081,0.12766193606315357,-0.043818733172800536,0.37418599377130635,500467.75,93.9991,93.2511,0.7480011,744426.9761932461
26,729668.3127512897,0.46388400062163604,0.09537604915145059,-0.01661423850346264,0.33669509540330417,513555.62,93.9991,92.9805,1.0186005,838248.8794717535
27,425701.9720084298,0.4400250615318179,0.09487813854867584,0.02982437991624887,0.2981502947438538,519225.8,93.9991,93.3288,0.67030334,1003009.7807663095
28,300782.53363643005,0.4844899465234345,0.126505976685265,-0.0035591948532265718,0.3678524367039548,520380.5,93.9991,93.2497,0.7493973,737541.7193857494
29,155739.99541942996,0.4733926020620446,0.1428812046331224,-0.08123716170330926,0.4139352553158168,515824.03,93.9991,93.3978,0.6013031,638091.3329639448
30,80383.06915843001,0.48362981645049835,0.18719507830559398,0.059522316531072574,0.39682413736927113,508702.38,93.9991,93.2792,0.71990204,409851.44428417156
31,959950.3803534302,0.4780732038570713,0.0958504320349912,-0.03830346915284878,0.350013759092366,523157.06,93.9991,92.7371,1.262001,769612.9712834022
32,376550.2473984299,0.49444092765028586,0.12295787392903068,-0.02181982423346012,0.440162640521643,524796.7,93.9991,93.1402,0.858902,672096.9621883347
33,640057.08783929,0.5152820332159429,0.11601379394467619,0.008388298081829108,0.4584189268401413,531080.6,93.9991,92.7716,1.2275009,601589.3097114856
34,519427.94983242993,0.5234104822108548,0.1342716655529444,-0.049221492595609456,0.4206143044771884,535720.94,93.9991,92.768,1.231102,563310.300720688
35,143248.22005928998,0.4908074635689827,0.151044492676864,-0.04015425879699298,0.39900608019885336,531022.1,93.9991,93.3641,0.63500214,577263.3516181838
36,914005.1301914303,0.5168132380410773,0.10549815150358129,-0.13526096885285524,0.379113962303939,541657.4,93.9991,92.6147,1.3843994,667817.2302868313
37,151259.80031543007,0.4714648686953554,0.14338188955430134,0.07355185746010848,0.3749135990090589,537608.8,93.9991,93.4028,0.5962982,650367.8122280702
38,366581.2515454301,0.503305312254396,0.12527596193218635,-0.030705860966518828,0.4230825373464559,538645.3,93.9991,93.1357,0.8634033,669482.5840191885
39,730414.7252053601,0.4587225159454617,0.09248544025320844,0.06803822935163097,0.35735951123996995,546237.7,93.9991,93.0441,0.95500183,882030.6262101351
40,355673.1323342901,0.5002720434800112,0.12627549660193405,-0.021299040061228312,0.4260241102212415,546767.1,93.9991,93.1708,0.8283005,685674.1782530424
41,364750.5875185,0.4936195510913647,0.12443611544629049,-0.009783158265507793,0.37352276600275897,548132.1,93.9991,93.182,0.8171005,739317.8798581775
42,428663.8337575702,0.4412300116281843,0.0942985525204935,0.14365315481311056,0.3331762950330177,550457.2,93.9991,93.3244,0.6746979,960592.5482110981
43,367891.26481436007,0.4950829216203489,0.12415965863476917,-0.07935951680508609,0.3769063092405412,551568.44,93.9991,93.1713,0.82779694,724034.1066450543
44,1036793.7059203599,0.5257602177834186,0.10315615501479754,-0.10190590265259887,0.4395242618192438,559939.2,93.9991,92.4894,1.509697,614860.6794858887
45,365958.0902085699,0.4945856939500844,0.12467447630647473,0.05108336839248886,0.3814075434407514,560735.5,93.9991,93.1688,0.8302994,718500.1669637004
46,373821.47886443,0.49483599172889065,0.12343717567224512,0.052516547510837626,0.35816580439733475,562025.75,93.9991,93.1546,0.8444977,735794.2701824992
47,154532.04128429006,0.4558750453044622,0.1356982939390559,0.0337513851319656,0.3883890054361248,558448.3,93.9991,93.4446,0.55449677,703898.4212582606
48,694004.0214544304,0.4865482175004053,0.10649264574408479,0.07712891075025682,0.366763404418671,563770.8,93.9991,92.9201,1.0790024,759265.9174365604
49,158299.3081885,0.45785449853340526,0.13578405417259232,-0.02306465059986798,0.429949284724564,560306.75,93.9991,93.4339,0.5652008,691023.8326739871
50,153506.24680829,0.46630792276956934,0.14177850678013323,0.030558255534672823,0.37437161409046343,557087.7,93.9991,93.4213,0.57779694,685594.0234449012
51,637048.81504457,0.4496039772015532,0.08978810823957639,0.11487963583092026,0.279347185011194,562057.94,93.9991,93.1465,0.8526001,956535.2289004875
52,724654.83701843,0.4628148475570857,0.09500703583377075,-0.015277240458807788,0.31380502525163434,567964.3,93.9991,93.0336,0.9654999,906365.72246956
53,26538.249717290004,0.41167004288053266,0.18304535886297094,0.09772743721853713,0.4029597804539028,560539.0,93.9991,93.6386,0.36049652,463240.23055053287
54,745148.0393862901,0.45837939195145566,0.09127003882560535,-0.09817756345832354,0.33618528330446956,565994.44,93.9991,93.0057,0.9934006,866303.4727281843
55,158608.95662657,0.46010892972363027,0.13668372202847856,0.011613932542039405,0.35837701548307155,563123.25,93.9991,93.4259,0.5731964,706926.379586104
56,156563.22332642996,0.463761243165321,0.13871847102491064,-0.0015048854813306323,0.3777584522805787,560231.5,93.9991,93.4166,0.58249664,683768.8938388076
57,744503.3419334297,0.4606107397231594,0.0929364332158403,-0.08124184931830314,0.3195231673021486,565632.44,93.9991,93.016,0.9831009,888499.6421093186
58,371856.10688349983,0.49182148816178245,0.12266709241270654,-0.08360379215567566,0.41117866758689164,566035.94,93.9991,93.1669,0.8321991,708289.930923738
59,150876.86232321998,0.46091745899231784,0.1404154020248488,0.055806963379906774,0.3499200689016037,563216.7,93.9991,93.4344,0.56469727,702822.0109003058
60,561767.5764305701,0.5132339994992634,0.11574891033835283,-0.14682832451584818,0.38296964218217777,565783.56,93.9991,92.9175,1.0815964,665495.0673005056
61,370279.06931650004,0.49351118498012814,0.12357917704237664,-0.004111744293702706,0.4127717479507607,566183.06,93.9991,93.176,0.8230972,717474.4001217762
62,725881.0811224297,0.46560468581367503,0.09638355847701252,0.07376443229097111,0.3461403646196713,570830.9,93.9991,92.972,1.0270996,836332.2672466057
63,905641.6668404297,0.5222566385659353,0.10546275231964478,-0.14254571665540047,0.3861675526052069,576126.2,93.9991,92.6247,1.3743973,661911.5104460624
64,1390429.8017794301,0.4927291094710908,0.0987088491027497,-0.06120855152086519,0.329900811036984,585578.0,93.9991,92.3425,1.656601,718635.9288084201
65,735551.9837005703,0.4654499136947188,0.09642798950324045,-0.0707579648378158,0.3041673150107525,590034.25,93.9991,93.0195,0.979599,898009.7364263978
66,652661.4365892896,0.5163402453027228,0.11272670381615776,-0.05663248198957274,0.3809809190264517,593013.94,93.9991,92.7983,1.200798,657622.7592779853
67,563486.6324955701,0.5022543481264119,0.11505121056463377,-0.014395594930632912,0.3919566454637741,595099.44,93.9991,92.9793,1.0197983,720564.0851240781
68,154717.29005056992,0.4531852812608106,0.13506582543763393,0.035122092855261765,0.3324465544532082,592359.8,93.9991,93.4432,0.5559006,730466.981553223
69,1950252.940718291,0.5311809140894592,0.09056711914171896,-0.19686638963546588,0.39630246100516514,602055.44,93.9991,91.8533,2.1457977,592346.2227355426
70,733679.2912245702,0.46340297478224757,0.09515989036353813,0.1176251102042278,0.36486659957695305,605444.0,93.9991,93.0371,0.961998,875932.416247817
71,176358.24005029004,0.4293286915900643,0.11444578787923745,0.11956561382219917,0.34499208523438035,602880.25,93.9991,93.4854,0.5137024,819258.0777273249
72,372766.4293924301,0.4956386083840338,0.12398139210352947,-0.04804405151197082,0.3949558653525041,602704.0,93.9991,93.1504,0.8487015,695196.599886965
73,647069.2647193598,0.5147459860134957,0.11363829364316536,-0.1543269988726216,0.40667705978746366,604839.9,93.9991,92.8472,1.1519012,660436.1221529667
74,627952.9249104296,0.45298971839301855,0.09244843195192617,0.17389553589085163,0.2940058968592943,607341.8,93.9991,93.1507,0.8483963,934098.3710998384
75,154135.13634056994,0.45997313519879895,0.13773384286455775,0.05935374047341091,0.40660183099051384,604352.9,93.9991,93.4273,0.57180023,664888.0483614004
76,374342.14010136004,0.4983141164136608,0.12408840319477304,-0.06005902449025832,0.4139867751167973,604158.7,93.9991,93.166,0.83309937,707478.1612053197
77,1040289.8206114293,0.5203856436407882,0.10382157478619165,-0.03290078568134562,0.3652311946731301,609213.2,93.9991,92.5172,1.4819031,673734.5677097004
78,656602.8793124298,0.5112234393789588,0.11256743006301848,-0.054630701999186966,0.4155321995004811,611304.75,93.9991,92.836,1.1631012,665847.4148893252
79,158437.23289256994,0.46224850080752367,0.13808206690969357,0.07161947461734701,0.3905247591408695,608616.8,93.9991,93.4334,0.5656967,700496.8183061243
80,370489.68627456995,0.5020808174337494,0.12562275566150566,-0.022843954521754653,0.39435756261162347,608409.6,93.9991,93.1512,0.8479004,698002.0138341828
81,733628.8246164294,0.4587177084862557,0.09265945986490376,0.07523855051119614,0.3004850642503755,611766.8,93.9991,93.058,0.9411011,939007.3478984191
82,156086.43340322,0.4620624578658022,0.13831254489474154,-0.06449726184662344,0.370342370885786,609225.56,93.9991,93.4398,0.5593033,716681.374907603
83,555312.8260144299,0.5056928788999474,0.11577402122636207,-0.07885205492913912,0.37753782407680075,610747.2,93.9991,92.989,1.0101013,729673.7479790582
84,382053.00531257014,0.49052139298426906,0.12193370490131397,-0.08429171907207238,0.4631168862315453,610333.2,93.9991,93.1756,0.8235016,698913.5420219656
85,1057228.2539992905,0.45405360054190164,0.08086186208175462,-0.03625133950675429,0.2862454752324838,615497.9,93.9991,92.9309,1.0681992,987169.8225227635
86,648466.5143525698,0.45172818904360423,0.0906210444957082,0.010239906255377546,0.3235318976248041,617753.06,93.9991,93.1544,0.84469604,960938.7225769666
87,155192.84237828996,0.4724076491781053,0.1437942839573797,-0.11988252939996667,0.4616774383689438,614855.6,93.9991,93.4027,0.5963974,608286.2042514636
88,570756.4948485699,0.5071065990628629,0.11489784403204882,-0.11752567153791134,0.3858341908937727,616149.25,93.9991,92.9418,1.0572968,690426.3309591692
89,152403.57518721998,0.4573886993889246,0.13832333504387692,-0.015027022082358598,0.35271420538576914,613776.9,93.9991,93.4393,0.5597992,719246.318568345
90,156515.56663657,0.4603460841200144,0.13823736659572652,-0.021308111153731896,0.3868929407835254,611422.56,93.9991,93.4367,0.5624008,710413.4717566314
91,1046671.6626863597,0.5191648609411827,0.10326509722662516,-0.04386111436225474,0.4092641628460165,615295.5,93.9991,92.5051,1.4940033,647743.0461908455
92,571919.7021524298,0.5048655923929084,0.11460620519021462,0.005810060682258074,0.4211289974490623,616497.06,93.9991,92.9345,1.0645981,682924.6509985122
93,1007621.8899465004,0.4666141781450507,0.09049746266779417,0.060534563669182175,0.346104703241252,620546.56,93.9991,92.8452,1.1539001,864157.800567719
94,626595.2580754303,0.45531008092675873,0.09389150380618959,0.006531432895643803,0.31995429278072074,622463.3,93.9991,93.1459,0.8532028,940738.2283858245
95,298534.17057042994,0.48760208674486094,0.12750501196644537,-0.059402988002274275,0.411270031551549,621541.56,93.9991,93.2512,0.7479019,713965.6269189039
96,640515.3355124998,0.4467582153869241,0.08724422896285289,0.030461341542588394,0.3057670517916618,623543.0,93.9991,93.1948,0.8042984,1014153.4275803475
97,150886.34670636,0.45672199626659693,0.13772911547626915,-0.03490573647498871,0.411848795773972,621123.1,93.9991,93.4394,0.5597,690363.7552847542
98,298023.54399643,0.49639691342593134,0.12991966813887082,-0.007974249428047359,0.42492159822557385,620137.0,93.9991,93.23,0.7690964,680667.6673476599
99,372864.21908436,0.49472457993126556,0.12484442024498549,0.06045674981281365,0.4142487027813771,619751.25,93.9991,93.1646,0.8345032,696893.5554279776
100,570790.57439529,0.5050250344661115,0.11447166567389669,-0.07297714476007393,0.3682389260701736,621037.3,93.9991,92.9396,1.0595016,707544.656291982
101,1055434.9498265698,0.5255822861830394,0.10270798731872373,-0.1780578024140066,0.3980452021520286,624316.56,93.9991,92.4917,1.5074005,633888.4142323452
102,1331870.6965253595,0.5307194269445027,0.09772277642602607,-0.16024877213423308,0.3755778927398151,628846.1,93.9991,92.3162,1.6828995,648203.0108676859
103,154296.59604343004,0.46180115187828963,0.13892607331856274,-0.0015900605779495978,0.33848406153505944,626711.8,93.9991,93.4263,0.5727997,710326.2062091856
104,404336.77930657007,0.4507214939383487,0.10312643807421606,0.04339192318938561,0.35186020687703096,626846.94,93.9991,93.3042,0.6949005,922291.6738006871
105,376134.53677143,0.5036679036636563,0.12504824193481023,-0.01916673711906248,0.39856436581432525,626533.0,93.9991,93.1529,0.84619904,701450.9732995986
106,153829.48061736,0.47316501924602455,0.1431583898820767,-0.006052707450167424,0.4361392351123708,624151.0,93.9991,93.4069,0.59220123,627588.1556402879
107,659290.8769434296,0.5099391173990483,0.11185921511008495,-0.05553503689054566,0.41786397333810316,625536.8,93.9991,92.8043,1.1948013,647656.7926075802
108,680271.5757713602,0.5120502977350667,0.11135779122588528,-0.18491702570335758,0.40587257471549265,626837.4,93.9991,92.868,1.1311035,678362.6342280062
109,728480.8684444302,0.4570223203506224,0.09119593960786093,-0.006730920982709836,0.33100898241425103,628929.3,93.9991,93.0857,0.91339874,938199.4611808853
110,362174.40168863995,0.4947509167716351,0.12408748018602558,-0.1103732050259989,0.3795940049634882,628629.5,93.9991,93.189,0.81009674,735285.109757868
111,152303.60645736018,0.462178157435159,0.14025975606344213,0.09222454198998793,0.3867273659009402,626471.44,93.9991,93.4368,0.56230164,688106.8240877881
112,553764.7579474304,0.5069173718172193,0.1156005407582001,-0.08115172542845055,0.38393395353755577,627313.1,93.9991,92.9946,1.0045013,718349.0298840562
113,1107536.0911162896,0.47911023460491153,0.09361249064740687,-0.11396574095991532,0.3095705956605264,631132.94,93.9991,92.7188,1.2802963,830096.0657349823
114,357796.5828353602,0.49654706575296265,0.12806021758105096,0.021656976860077656,0.3919655172365256,630770.9,93.9991,93.1124,0.8867035,664819.9084190622
115,567045.4129015005,0.5139420206113652,0.11565932651391442,-0.08747130800313228,0.3821286798039835,631634.0,93.9991,92.9331,1.0660019,685637.6761175024
116,683385.2267224302,0.4813587400356472,0.10472221827550174,-0.035322915133910324,0.39160148540062684,633147.1,93.9991,92.9655,1.0335999,782383.9760404369
117,394768.0125334301,0.47646457841143125,0.11606931516843523,-0.13645676121530237,0.36566482246552934,633050.2,93.9991,93.2194,0.77970123,797370.4809930215
118,2556629.1743173613,0.5372287535318622,0.08469673238062989,-0.17410897020063987,0.3794430433179792,640054.44,93.9991,91.5001,2.4990005,586855.9729243662
119,655142.4145954999,0.527556864056725,0.1129233352112986,-0.10431473354787604,0.4054279280658736,641039.94,93.9991,92.7876,1.2115021,625926.9650394839
120,158682.21373829,0.45940939447024143,0.13646134254694214,0.019807954092549398,0.3922922807580296,639041.6,93.9991,93.4348,0.56430054,707505.5514765126
121,713191.4207234301,0.46029731915039634,0.09385045903695996,0.04608807106735982,0.30512950315651405,640864.8,93.9991,93.0521,0.9469986,909682.5073337314
122,639354.4016495,0.4557626593257389,0.09384223330917953,0.00831729052445623,0.33427700353144274,642234.4,93.9991,93.1575,0.8415985,961648.9687055076
123,160393.91625228993,0.45603572119968605,0.13430730186998283,0.01027317848164848,0.38558456180329737,640252.56,93.9991,93.4387,0.5604019,707512.918454741
124,573694.1769444299,0.5069104148554889,0.11541888896418229,-0.14156941909562815,0.4049630034116292,640869.4,93.9991,92.9861,1.0130005,708151.3312450153
125,575109.5148264299,0.5071136437693108,0.1154267701830546,-0.1589447598956452,0.40076674063891343,641558.3,93.9991,92.9623,1.0367966,701848.5583512143
126,661558.0639262903,0.5167067329589914,0.1131046919231194,-0.011047408726008144,0.388829972869812,642667.2,93.9991,92.8179,1.1811981,662364.1091470753
127,1108785.5621614293,0.4838923733424637,0.0955580891576505,0.09689043109230068,0.3948539519200591,645454.2,93.9991,92.6571,1.3420029,744710.4874827566
128,666212.35195729,0.5111130161514325,0.1116806469238941,-0.04807236571192603,0.3790978851579587,646630.94,93.9991,92.836,1.1631012,685457.4163762265
129,915185.4540492895,0.5151113924785189,0.10585235593417364,-0.05167983576249788,0.3673374010962494,648947.4,93.9991,92.6541,1.3450012,704660.1300503499
130,560395.0351085701,0.514229476028828,0.11624749928073815,0.03711754663470063,0.35909475549814146,649652.4,93.9991,92.9383,1.0607986,698811.7480305629
131,149889.02440942999,0.45572839041645996,0.13833537298469759,0.1932509461632715,0.42660631396297655,647491.8,93.9991,93.4438,0.55529785,656329.4881948543
132,155822.86441356997,0.4643499471430574,0.1392962166109714,0.06614900774799198,0.3787823612992728,645597.06,93.9991,93.4209,0.5782013,683998.3335655752
133,619048.0776454296,0.4551964240792784,0.09862131525070114,0.12071065967990702,0.3205148901191933,646685.3,93.9991,93.1139,0.8852005,894059.2797016469
134,155641.32041236004,0.46144842082633925,0.13936136782062342,0.040695316138717574,0.3843698779026028,644816.7,93.9991,93.4245,0.5746002,686433.9534774948
135,921014.5162645703,0.5183616222836188,0.10527048358982825,-0.09832171522318683,0.4004248288066851,646771.7,93.9991,92.6392,1.3599014,669678.4540751175
136,2541388.110695569,0.538161613106465,0.08512306162152516,-0.12281383046949394,0.3741104048160455,653032.8,93.9991,91.614,2.3851013,630810.3892988231
137,1104292.6117345702,0.4784842663732695,0.09354949972395825,0.07335967445309616,0.3287900921920722,655912.8,93.9991,92.751,1.2481003,841660.0799290948
138,562640.2658612902,0.5112468094872574,0.11669780628360421,-0.1664240296128588,0.39708659460168566,656318.75,93.9991,92.9604,1.0386963,685800.8310937085
139,612463.1585634305,0.4514994099358832,0.09282275852318608,0.037461282459968895,0.3049800349842189,657345.4,93.9991,93.1871,0.81199646,985277.9257743504
140,154170.8544394999,0.45821372114442127,0.13809821151845306,-0.004684908266986998,0.42557107074938316,655372.9,93.9991,93.4416,0.55750275,680219.7634097612
141,1023891.3348194294,0.5208266646512616,0.10331446514726508,-0.09150302406249149,0.4184396828965388,657381.3,93.9991,92.5663,1.4328003,656456.55731636
142,740062.7153213602,0.45930784483517223,0.09233588759015145,-0.036301935744428,0.3348749528879718,658863.75,93.9991,93.0448,0.9542999,911006.9669638317
143,162261.1229635,0.4444248426306323,0.12800990788113706,-0.0017523092939731998,0.37130604890064955,657074.7,93.9991,93.4656,0.5335007,752094.7065052083
144,904471.4730722902,0.5179429249380262,0.10566403380383328,-0.06308599726685804,0.43261219708295034,658628.75,93.9991,92.6369,1.3621979,647783.6348368183
145,566649.6456734303,0.5131115990200401,0.1160055702619455,-0.096426837503955,0.4058316048260022,659034.25,93.9991,92.937,1.0621033,675855.9180099968
146,2549892.703731291,0.5343195029639141,0.08729721623846161,-0.11609917281920087,0.3587419683358979,664966.2,93.9991,91.7121,2.2870026,669445.9705483965
147,848989.3830544301,0.5284853201974112,0.11825384556973939,-0.0342059756914939,0.38552830992569076,666536.25,93.9991,92.5047,1.4944,600462.8369764339
148,562139.40098457,0.5134927046704185,0.11704658183271416,-0.09482871278485966,0.4168939200356858,666825.4,93.9991,92.9558,1.0432968,680167.7355683452
149,566737.9284924299,0.5060951931346934,0.11502197337672973,0.022852802262895374,0.41399266969933907,667162.4,93.9991,92.986,1.0130997,708097.0442247094
150,152198.94018042999,0.4735567215620924,0.14434381881759223,0.07973168317978156,0.4036205294547925,665292.0,93.9991,93.4106,0.588501,653759.5053247365
151,987763.4477064303,0.473333988906991,0.09354459698759506,0.04182133061297951,0.30980659001753025,667555.75,93.9991,92.8496,1.149498,878105.0482164057
152,1440992.2591145695,0.48717491247271993,0.09209689198531071,-0.09435665543906628,0.32413811012936555,671117.0,93.9991,92.5067,1.4924011,812399.0948333722
153,275507.3044932201,0.5032666629922783,0.13872434211624252,0.03295820839973411,0.37855778329166484,670126.9,93.9991,93.1117,0.88739777,584445.09409822
154,379903.63484649995,0.4934756370225616,0.12282583165968224,-0.12083145614033416,0.4198609346603551,669576.4,93.9991,93.1774,0.82170105,711696.6934805306
155,374302.5317715699,0.4911815056377285,0.12277114502564074,-0.044526660612979316,0.3776922437375591,669210.1,93.9991,93.1818,0.8172989,749342.9690185002
156,756790.4645243599,0.45158804262424307,0.08658312744236309,0.09972474493627502,0.31274736329339,670512.3,93.9991,93.1093,0.889801,981848.7942320232
157,138268.60729743002,0.47052651359076103,0.14647053068222166,-0.031001587141881965,0.41823072955313956,668580.7,93.9991,93.4288,0.57029724,640573.8686677325
158,144135.63785743003,0.47442768173010946,0.1473666517397238,-0.038310201694257556,0.4601579776432612,666637.1,93.9991,93.3998,0.59929657,599962.3850366324
159,154011.58768328995,0.4709440337336931,0.14324963445984235,-0.15277109127223062,0.41019125693107145,664843.9,93.9991,93.4036,0.59549713,637648.865462668
160,921214.5755364298,0.5172859445472192,0.10581786417052669,-0.11882402403556379,0.3798961308251626,666434.7,93.9991,92.6524,1.3467026,683868.4776501403
161,683235.6992793604,0.46999878374852655,0.10000942363857813,0.00044318845776941375,0.3456132765303389,667516.75,93.9991,93.0619,0.93720245,898130.8950235113
162,2562931.3193254266,0.5307301250965419,0.08618165717992879,-0.13565067304145542,0.4260193156766842,672370.7,93.9991,91.6657,2.333397,625144.8667918305
163,154166.08505543004,0.4685668225216111,0.14283682734823533,0.04829575893213937,0.4305217540306548,670628.25,93.9991,93.4064,0.59269714,652290.5187191786
164,659166.12710329,0.5110924741300037,0.11237168181436742,-0.03628488282861405,0.45204583642270185,671107.4,93.9991,92.859,1.1400986,657558.5596540248
165,658993.3962872903,0.518099152240333,0.11258718841143915,0.0005286663854440579,0.382775088975021,671880.25,93.9991,92.8537,1.145401,697923.2435213013
166,1906894.741599429,0.5350425425371615,0.09048776735363749,-0.14536087739117842,0.3965294242970361,675566.7,93.9991,91.9293,2.0698013,622046.5285218628
167,663832.8899244303,0.5105489439750962,0.11184665010401147,-0.0862240629295465,0.4160670997453724,676168.1,93.9991,92.8734,1.1257019,689886.1429073202
168,625181.6459424298,0.4516851062285867,0.09161029990409847,0.15209782092604002,0.3033471009113373,676845.0,93.9991,93.1692,0.82990265,952593.1562186865
169,555402.81277343,0.5070257418231363,0.11552127912985474,-0.11706576790365993,0.4185342914368522,677023.75,93.9991,92.9878,1.0112991,699328.4000204509
170,660243.6340332897,0.5080492130453264,0.11202694463447682,-0.07456867577634568,0.4298541123226158,677568.8,93.9991,92.9033,1.0958023,702888.116646607
171,157714.53069507994,0.45412648761644653,0.13478492340376058,-0.020989400659966344,0.373806901378778,675946.25,93.9991,93.4465,0.55259705,721122.1071757941
172,668151.3512004298,0.5164277878630319,0.11283261547994174,-0.054363840176209585,0.37750421896779995,676636.75,93.9991,92.8248,1.1743011,677343.1035583182
173,970787.25439536,0.4804100791567857,0.09688793193861454,0.0528990202319293,0.3515334010120838,678380.75,93.9991,92.7857,1.2134018,807727.4747419972
174,374959.5472265701,0.5038717022449047,0.1248933807691822,-0.1126980996188366,0.4292784755211116,677807.1,93.9991,93.1314,0.86769867,666129.0158688605
175,610330.0907332898,0.4623262676084091,0.09950131113161746,0.028984251806251613,0.30639191193522575,678574.5,93.9991,93.129,0.8701019,934212.0324685562
176,621468.3293764996,0.4525531298638051,0.09346126972285612,0.03216027432486971,0.294969001086228,679327.5,93.9991,93.1897,0.80940247,1003034.3175095057
177,149608.57863156998,0.46171526469924107,0.1399788425779235,-0.04720154746687535,0.3685944660720748,677733.6,93.9991,93.4513,0.54779816,722195.292473661
178,89290.32126421998,0.4584136922379889,0.1674710238316725,0.20428845116005437,0.28218241477786066,675686.2,93.9991,93.3944,0.6046982,514701.937325337
179,1048707.8763994295,0.5233158275534564,0.102620280270032,-0.13832104721585342,0.4014478900652702,677309.5,93.9991,92.4841,1.5149994,638866.1917271615
180,153356.98732535992,0.4525165345758996,0.13493196916780284,0.19558722081017635,0.39384571309358263,675624.56,93.9991,93.4416,0.55750275,667866.8874916882
181,550056.7984352899,0.5033678840365898,0.11616394320000539,-0.05030204752035971,0.4080992488829925,675841.5,93.9991,93.0026,0.9964981,717620.0889842107
182,928171.8763854302,0.5176074289429214,0.10580943283485492,-0.1352768867989376,0.4008988331687443,677100.94,93.9991,92.6275,1.3715973,660780.0799109668
183,675044.6892844995,0.5171856339147723,0.11219651801041941,-0.10690429603875762,0.4158976651968595,677621.9,93.9991,92.8388,1.1603012,666165.620132283
184,722912.9963122902,0.4593663682884749,0.09310147716704498,0.1285753085942071,0.36416928636525087,678464.56,93.9991,93.0996,0.899498,926646.004221201
185,156305.96186656994,0.4600474504144142,0.13802497485741957,-0.030682546594004444,0.39633840930245606,676916.0,93.9991,93.4323,0.566803,688839.5916486642
186,147822.77982529,0.4528684193585415,0.13562033176301383,0.0665292720971764,0.3593083027813141,675369.9,93.9991,93.4471,0.55200195,702514.0820552921
187,372259.9121564299,0.49479578103851646,0.12331992614672668,-0.07842406737283127,0.4145344497886183,674928.7,93.9991,93.1753,0.82379913,719136.5957680962
188,149550.25336543005,0.45851837528156936,0.1393233572700664,0.0724373266712767,0.38401917706556843,673404.0,93.9991,93.455,0.5440979,710828.4027670011
189,157326.17972443003,0.4610818756508167,0.1373085885293077,-0.04140270580779234,0.4009408125450271,671920.06,93.9991,93.4398,0.5593033,699891.8172266083
190,545407.0996345698,0.5128413655788691,0.11695363338323769,-0.0953397023758108,0.39749528744514856,672177.8,93.9991,92.9678,1.0313034,699257.8639720144
191,654396.5291904296,0.5112913618336831,0.11224812899353064,-0.1585333671325827,0.4046541799430164,672675.6,93.9991,92.8967,1.1024017,696442.3048745276
192,154964.9018445701,0.4616817181175097,0.13930058202810458,0.11995504381013147,0.34178901857026245,671265.6,93.9991,93.4293,0.56980133,702963.81886949
193,969877.90297157,0.4790834626951096,0.09920427652537393,-0.007343556624416831,0.3472571850291492,672914.5,93.9991,92.7704,1.2286987,806667.921709369
194,637969.0983783598,0.4558025114878404,0.09429938653388135,0.04767310429759583,0.31149760307087343,673664.1,93.9991,93.1816,0.81749725,1001954.7647805309
195,678400.31240529,0.5069018461091153,0.11091263523864664,-0.11628480469276767,0.3781480216812043,674307.1,93.9991,92.8546,1.1445007,698724.7836397653
196,382593.6750274301,0.4972042071659308,0.12317362608811108,-0.016576842146860376,0.4174096717140723,673909.7,93.9991,93.1593,0.839798,709712.3646215798
197,369030.8898744297,0.49399731252421686,0.12339007826877511,-0.055079095624387266,0.4191351962954307,673444.0,93.9991,93.1916,0.80750275,720377.5377122554
198,378950.1182952902,0.4903041829526869,0.12172211716997952,-0.1250514997594144,0.3745996246000334,673106.94,93.9991,93.1932,0.8059006,752410.0689716004
199,157133.06876322004,0.4641115007005692,0.13892865670497886,0.028754316999188567,0.3770865136048539,671744.06,93.9991,93.4231,0.5759964,695373.1086210514
200,154836.09467857,0.4586615322468648,0.13741845923723367,-0.022262439185737466,0.4002102932316123,670348.1,93.9991,93.4394,0.5597,698886.5806270948
201,25157.350607359997,0.42164883852276247,0.1932975830864664,0.05981284938752651,0.4221287015047137,667808.94,93.9991,93.5564,0.44270325,355610.7464391452
202,144472.64110542997,0.4579524255695389,0.1396744728397959,0.038736611707409954,0.38105427485823784,666403.7,93.9991,93.4486,0.55049896,694903.0712576426
203,973991.1385624302,0.47566205601992073,0.09474834867055063,0.0799514517873629,0.32658360213949866,668027.9,93.9991,92.8536,1.1455002,871006.6101524055
204,146055.27895936,0.4612161682751227,0.1401526723397964,0.09676803588694848,0.36966416462818513,666625.8,93.9991,93.4283,0.5708008,666783.0421303768
205,635820.1971503599,0.45689225054437965,0.0946877004100444,-0.037150413791620776,0.29748750821919456,667405.9,93.9991,93.1656,0.8334961,992582.990945905
206,159087.61910550002,0.46113951437808515,0.13701726077995732,0.002994659415800387,0.3624848454771574,666138.0,93.9991,93.4179,0.58119965,696761.9554712041
207,157214.95834335996,0.4618912938721981,0.13790155157340658,-0.08585746123846445,0.40838038455926057,664806.6,93.9991,93.4181,0.5810013,669897.025876054
208,624760.0668404297,0.45511956941759024,0.09385303246109329,0.0014551704128112338,0.32521743795959573,665480.5,93.9991,93.1768,0.82229614,979759.554286373
209,916816.2794155006,0.5184909686352924,0.10533908640502383,-0.23778189424026933,0.3747714406675798,666551.3,93.9991,92.6379,1.3611984,654093.4242718539
210,382025.2411254301,0.49580868351689195,0.12333207903055816,-0.03197341312982059,0.409501856096843,666221.25,93.9991,93.1696,0.8294983,719602.8320593773
211,555135.6982035701,0.505446259303427,0.11520986319507784,-0.17024596683546542,0.3919029945543062,666461.75,93.9991,93.0143,0.98480225,728274.3627174884
212,564874.9828672898,0.5136052352990642,0.11586422151504606,-0.08152839934258717,0.4054262662304445,666709.1,93.9991,92.9652,1.0338974,695570.9008536333
213,148747.14917242998,0.46215078376613555,0.1399711874384109,-0.013299694146906722,0.3829374106101125,665380.0,93.9991,93.4367,0.5624008,679732.7008831609
214,1052015.2052084308,0.5193279317539733,0.10308024610350298,-0.15002729483947122,0.3986523622773389,666807.7,93.9991,92.5232,1.4758987,658806.2924091154
215,703183.7356184296,0.4581232471146921,0.09522036439951964,0.16051278025907284,0.3091821799936512,667614.25,93.9991,93.0804,0.9187012,915450.4256673033
216,1589777.7207932898,0.49709219332578286,0.09305076817931668,-0.025296201399843607,0.4099689110293024,670043.8,93.9991,92.3041,1.6949997,704914.2090570392
217,576798.0382634304,0.5016033177834102,0.11439830731230449,-0.0880269421643411,0.40479259148314484,670352.94,93.9991,92.9766,1.0224991,721212.9835840611
218,656895.7484184301,0.5185607767449028,0.11410066399849329,-0.08638429943703227,0.3960395200408054,670847.7,93.9991,92.7927,1.206398,645482.5791470777
219,1342929.06873857,0.5298966207452541,0.09743142850302428,-0.05141569874338545,0.435306510163562,672621.4,93.9991,92.2668,1.7322998,612512.8614197088
220,649401.0468753603,0.5162349788810013,0.11345896066529057,0.02113526226391762,0.3591100111911844,673181.44,93.9991,92.8205,1.1785965,675717.9433201184
221,1367688.9545154306,0.526557156588296,0.0975765451877894,-0.04602185381573942,0.4148734399074588,675078.75,93.9991,92.2983,1.700798,643452.7781534115
222,922075.5421572898,0.5235959956766807,0.10528269548232244,-0.07126471550349753,0.41414723976269435,676065.8,93.9991,92.5823,1.4168015,631840.6559456774
223,667963.9204993597,0.5090035925604772,0.11193779159919402,-0.07997625037648484,0.4349201146249649,676485.1,93.9991,92.8883,1.1108017,693182.0182212486
224,930273.0779454302,0.5181326294113354,0.10553221298439244,-0.06635386806355802,0.4157085507326531,677551.9,93.9991,92.6589,1.3402023,683849.8080803138
225,668963.3917124297,0.509199142759565,0.11160078072863756,-0.09764732883619079,0.4168280068342889,677994.0,93.9991,92.881,1.118103,695343.7789487961
226,153539.82908035995,0.4621593926300211,0.13985208327517648,0.10288605584849884,0.3794056297350583,676725.8,93.9991,93.4314,0.56770325,687183.3604547642
227,554747.6486424298,0.5065439829076543,0.11562606960716273,0.031827588157411615,0.41576042680559255,676869.06,93.9991,92.9712,1.0279007,690135.4004856352
228,152183.85839250003,0.46016472195240066,0.13892991903338642,0.14002198483425532,0.3797677428937377,675593.4,93.9991,93.436,0.5631027,683250.9110937505
229,1021107.8576445003,0.5207117693597507,0.10338310204316178,-0.1321072873090815,0.3987456622344036,676798.8,93.9991,92.5871,1.4120026,674820.768451484
230,569511.9663755704,0.5041283702837871,0.11435265649980643,-0.10170894306349126,0.408014762947208,676973.2,93.9991,92.978,1.0211029,702260.6276160183
231,737232.7142612203,0.4619916151781964,0.09423555170379821,0.047296668028948156,0.327316157323013,677775.8,93.9991,93.0594,0.93969727,918569.0128538918
232,158010.4893554301,0.46195766565426594,0.13889276760306282,-0.03018662332613983,0.41938331171982257,676539.0,93.9991,93.4328,0.56629944,687960.8558496257
233,661046.56361943,0.5106321457735498,0.11206560348328799,-0.04419446648052423,0.36725568473349784,677096.0,93.9991,92.9083,1.0907974,739706.286139493
234,715773.47604257,0.46213600934601073,0.09497698921584356,0.03885074841288093,0.31467161452415204,677899.8,93.9991,93.0795,0.91960144,941703.0166776902
235,573087.88608829,0.5082752823864682,0.11506773127634642,-0.12178052417569296,0.3994219385785764,678120.25,93.9991,92.9784,1.0206985,715114.314541209
236,154447.74537129008,0.4728956104462771,0.14305998819196636,-0.04605243391253882,0.3800145262773439,676934.2,93.9991,93.4102,0.5888977,674178.0066476695
237,599029.8089334304,0.45887022023713336,0.09724907414155345,0.027811113495804184,0.3208648464227186,677395.1,93.9991,93.1773,0.82180023,957216.2378672148
238,148263.82869522,0.45900417720756403,0.13888789148813435,0.10731651532594838,0.37526724862966193,676157.5,93.9991,93.45,0.5491028,694958.7662897614
239,373964.8639052901,0.504120555737771,0.12493590857033457,-0.14544823839988366,0.3892191905779056,675788.6,93.9991,93.156,0.8431015,696979.8754741868
240,1513288.6100654285,0.5254591201055229,0.09674335891095337,-0.08852991147805477,0.42795845024014006,677700.06,93.9991,92.1869,1.8122025,627109.5961610349
241,906757.2996074305,0.5153289866772001,0.10557027575479647,-0.09758834546478565,0.3933311924374152,678677.44,93.9991,92.6975,1.3015976,702391.9468222706
242,155921.75058343005,0.45876993564776253,0.1368105483554279,0.1822636866527146,0.3900290514495322,677456.56,93.9991,93.4435,0.555603,687551.2563711569
243,637089.3732643597,0.5090580822001146,0.11315547311041624,-0.06013231669495879,0.4560557211378961,677689.8,93.9991,92.8954,1.1036987,665369.5344918676
244,395346.6557272904,0.47461309978439853,0.11556202729425682,-0.029209397168579405,0.4109319137570741,677439.44,93.9991,93.2176,0.78150177,788679.7107501256
245,633512.9998822898,0.45439893027642564,0.09280551887892505,0.013144169552868838,0.3194096243606399,677991.2,93.9991,93.1646,0.8345032,974439.9715637427
246,679787.9864584296,0.5075455469710722,0.11119080228311756,-0.12949074162464155,0.43774304556589444,678345.3,93.9991,92.8721,1.1269989,679208.1785864155
247,274831.31851736,0.484008724455186,0.1348924650866253,0.038351203228185485,0.3884875821605396,677679.75,93.9991,93.1266,0.87249756,588299.9537300735
248,574652.1350015,0.504293736961395,0.11445727550195017,-0.1883667104533771,0.40391775568068894,677876.25,93.9991,92.9823,1.0167999,714605.8877648589
249,676649.8725464295,0.5115474532273248,0.11139997995199975,-0.17287304606015422,0.37784339698457853,678345.7,93.9991,92.8363,1.162796,683903.353656196
250,724173.5385592902,0.46048749281943524,0.09426707934910254,-0.008240060661908879,0.2973022053381133,679140.75,93.9991,93.1033,0.8957977,980035.4877394052
251,641886.6633612898,0.4528510621531719,0.09161624630542975,0.057912726122402974,0.30636133606049554,679710.06,93.9991,93.1711,0.8280029,993485.915853803
252,918938.5641034298,0.522885869206439,0.10533444505462511,-0.14425091238017343,0.3859739763714715,680610.1,93.9991,92.6175,1.3815994,656794.7612191505
253,662490.7118185702,0.507893271536718,0.11157183189885643,-0.06597380814764171,0.42376902073233147,680970.0,93.9991,92.8842,1.1148987,692449.5879558484
254,633591.8994566401,0.4556743980353358,0.09500540135428964,0.16252229370360693,0.3086926148135293,681407.56,93.9991,93.1456,0.85350037,928579.8414716758
255,611244.2690364297,0.4600933937330445,0.09737706518026369,-0.0005779396570962682,0.3156673495442795,681911.1,93.9991,93.1562,0.84290314,961343.2738885072
256,147699.93190842995,0.472478751408372,0.14484631755087957,-0.027381965242500597,0.3609624486308835,680779.4,93.9991,93.4185,0.5805969,673545.9310252701
257,602878.2659464297,0.4619373467392806,0.09891430466808147,0.017878706377670445,0.2899302259281532,681286.9,93.9991,93.1537,0.84539795,960164.0415980897
258,675787.5699022904,0.5115738156054055,0.11155920542287365,-0.13747819133363115,0.418189763022872,681636.94,93.9991,92.8694,1.1296997,683321.7658862026
259,732506.0413245698,0.4605212197317816,0.0933703877999328,0.01697187963873148,0.3567891218560408,682290.56,93.9991,93.0817,0.91739655,928263.9849384007
260,722336.89380922,0.4672382505417154,0.09811177242628726,0.09868755751127135,0.3198665384810779,682982.75,93.9991,93.0292,0.96990204,889735.0954603858
261,925468.3344554298,0.5151316115257962,0.10604457330530488,-0.15014236449313006,0.3919070925848815,683881.1,93.9991,92.6984,1.3006973,706047.9412792757
262,618404.7420595001,0.4547697559778242,0.09414709901343193,0.08540250696894917,0.30093042941792236,684339.5,93.9991,93.184,0.8151016,986902.2852365862
263,375102.07716643007,0.49904677629951194,0.12405075006536713,-0.08839643555993755,0.41713944588601576,683991.44,93.9991,93.1613,0.8377991,707160.9968678043
264,626437.94213643,0.45153894760177804,0.0932571595890476,0.12564586561397034,0.2965996238006132,684459.44,93.9991,93.2126,0.786499,1027344.20458042
265,364188.0542412902,0.4903878531925588,0.12428635473063812,-0.05857692577034956,0.4348419849641358,684043.7,93.9991,93.2001,0.798996,718240.081817342
266,734602.75354536,0.4621973835996966,0.09429162558457689,-0.06623266837507319,0.33577620159629606,684720.56,93.9991,93.0654,0.93370056,926181.2702413087
267,743948.30415536,0.4527822196382723,0.0879436204253433,-0.044576837287909905,0.3351889548660949,685401.0,93.9991,93.1309,0.8682022,998704.6285311612
268,143289.40460343004,0.4563838255721873,0.13930372465700375,-0.04627546647052262,0.3993626112841918,684253.8,93.9991,93.4535,0.5456009,690621.403034975
269,745189.92225343,0.46161713117199216,0.0941849907196551,0.03822690365790187,0.3351658489308143,684965.56,93.9991,93.0855,0.9135971,959311.831125587
270,150826.51188257,0.4581965020917795,0.13940183092317746,0.005141912513907161,0.3777083685243198,683881.75,93.9991,93.4386,0.5605011,698032.8773291452
271,150922.2380954299,0.45744008983121565,0.1374331397933214,0.07664354841626146,0.36403899523856237,682819.25,93.9991,93.454,0.54509735,724416.8821560523
272,377855.1936255703,0.493810181406118,0.12276823474691541,-0.1037270690078675,0.3831541347768653,682542.0,93.9991,93.1879,0.811203,748440.1617871348
273,366748.74490329006,0.5037562169427362,0.12558172344090496,-0.16329276850599733,0.40205074316242234,682144.6,93.9991,93.1446,0.8544998,671339.9232876063
274,2089575.6639934303,0.5361816541608916,0.08888292179990594,-0.16051882619009833,0.38529697582268235,684590.56,93.9991,91.8616,2.137497,633811.5288986409
275,1364248.54600743,0.5235637962053328,0.09777263363254915,-0.046818264448408455,0.4089724910467809,686084.6,93.9991,92.327,1.6720963,656034.0542701273
276,636618.0257214998,0.45553745618214303,0.09413382578999724,0.05355294279934242,0.28452970906254993,686615.44,93.9991,93.1687,0.83039856,1003274.7597013549
277,739093.53802922,0.4627383938732202,0.09489619566523183,-0.013847430650500602,0.35298365864007286,687250.06,93.9991,93.0809,0.91819763,939930.6114056252
278,2118638.79851343,0.5315561278745747,0.08980120949853217,-0.20729271356962417,0.38397344568498465,689580.3,93.9991,91.8736,2.1255035,629207.1514323003
279,738915.9644072893,0.46379847576089644,0.09508421085834357,-0.05889637435974784,0.3819195914339794,690116.06,93.9991,93.0593,0.93979645,893369.3658941018
280,648643.9117494998,0.5086481322595063,0.11237691131189917,-0.06682757261526936,0.42974442266956536,690355.0,93.9991,92.9472,1.0519028,719895.5171340936
281,1052244.1498244302,0.5185210360429988,0.1026080247489824,-0.10133805574695728,0.3877037028970147,691420.3,93.9991,92.5724,1.4266968,694453.8612045621
282,2700905.5188962906,0.4961613648915481,0.08398097308497203,-0.052072722871275075,0.38047807615093954,694577.0,93.9991,91.9939,2.0052032,790327.2406981187
283,1036093.3622911504,0.5206539732229299,0.10324243318964411,-0.15931988357434188,0.38996564710647713,695519.5,93.9991,92.5513,1.4477997,664625.8695647926
284,559665.9020014298,0.5075154596573805,0.11565714201286448,-0.012435145516650146,0.38143755156131903,695651.25,93.9991,92.9973,1.0018005,731750.4539995467
285,650830.8312785701,0.5090582030024692,0.11236834750287934,-0.11886653345801047,0.40577299316957743,695910.06,93.9991,92.9045,1.0945969,703155.5756163422
286,157529.92533457003,0.46166390058867496,0.13870034550140942,0.010363301740790979,0.4015479094226513,694871.2,93.9991,93.4327,0.5663986,702244.4253514837
287,558320.99813257,0.5116939173155015,0.11588345696483929,-0.15782456230171907,0.38038938483627943,694968.56,93.9991,92.9936,1.0055008,718963.6311247818
288,683572.1823505,0.4921338292288145,0.10914844900349899,-0.08805557013259241,0.39676753916346397,695359.06,93.9991,92.9311,1.0680008,756383.1857205943
289,654974.1888632904,0.515519739170083,0.11287438712245834,-0.11719282206327639,0.3942926446802296,695625.06,93.9991,92.8765,1.1225967,688135.6059930541
290,738703.1125134303,0.4596450258572226,0.09258970619710484,0.1009811340403492,0.3069879523510154,696235.94,93.9991,93.0569,0.9421997,926962.3906209073
291,93959.06421021999,0.4592358174357509,0.15917532802372794,0.08712722973976128,0.33806676813691927,694953.5,93.9991,93.4127,0.5864029,548700.3058454976
292,385466.71390263975,0.49141831308145534,0.12153002221752474,-0.07508640248715034,0.4012503748194189,694636.6,93.9991,93.1807,0.8183975,735717.915413547
293,655714.31809243,0.509297012125457,0.11191776453436764,-0.072223626999976,0.37282795837875965,694995.4,93.9991,92.8846,1.114502,717912.3076222659
294,2548064.2872792217,0.5329961765653548,0.08629140146584474,-0.11492311202302134,0.3977283403685607,697660.6,93.9991,91.7296,2.2695007,652677.4210256118
295,669894.5442192903,0.5135325474300566,0.11460699307244666,-0.036891275616707624,0.40068944974251053,697963.25,93.9991,92.8668,1.1323013,695255.5136501412
296,381209.7125585698,0.49218068172414187,0.12295210355607904,-0.02090582844121234,0.42349830658456167,697632.7,93.9991,93.1907,0.808403,741951.0246174017
297,367933.10328343016,0.49960264272444305,0.12560584597238778,-0.04275816759505652,0.35594356418759127,697352.94,93.9991,93.1708,0.8283005,741602.0910386769
298,2243994.9275774327,0.463382526910697,0.07208634228441879,-0.03056703007650903,0.31258651657919184,700003.5,93.9991,92.4983,1.5008011,992711.9193721813
299,664216.4927054297,0.5168705557658293,0.11227279655049331,-0.08205665133723947,0.3952110359476021,700275.3,93.9991,92.8503,1.1487961,680311.4983128327
300,2137050.4188864296,0.5319280832551666,0.08897517460785685,-0.11064569186653417,0.41737146760484123,702403.44,93.9991,91.8307,2.168396,618354.68272381
301,377950.9602334298,0.4972938681942142,0.1273416253339241,0.034077644910072334,0.4201383604605643,702039.75,93.9991,93.1495,0.84960175,697457.685394656
302,663488.5918692901,0.5102168214343639,0.1118685690974692,-0.06482182984228856,0.4164626550573193,702267.75,93.9991,92.8805,1.1185989,689371.9593686368
303,2651314.3133334285,0.5194244617366948,0.08715850962058214,-0.1280122909915772,0.39850646502951126,704903.0,93.9991,91.7657,2.2333984,673138.190189576
304,922643.0784893614,0.5240887844124704,0.10539570662188434,-0.08608242659526262,0.38338606563210914,705648.25,93.9991,92.6415,1.3575974,686654.712195726
305,156598.07736643,0.4616300684817086,0.1384253664975098,0.10109816744966661,0.4014716153644921,704611.3,93.9991,93.4277,0.5714035,679643.5285876219
306,1591737.8055143596,0.4918557523499877,0.09127693823222852,-0.021914660240450825,0.39108920364173916,706268.56,93.9991,92.4388,1.5603027,777665.4685033511
307,377275.33256256994,0.49651241031425286,0.12341530631412329,-0.04541639330235716,0.4486643688550395,705853.06,93.9991,93.1715,0.8275986,698767.4315485965
308,671745.04082343,0.5083414388748777,0.11164103451590766,-0.030950708345877573,0.378064781773687,706191.3,93.9991,92.8981,1.1009979,736041.901922363
309,1041285.8084655696,0.519976340649649,0.10378064900771874,-0.10564854456683834,0.36123558915508813,707114.8,93.9991,92.5769,1.4222031,697839.2859544784
310,732248.1839075699,0.4626188318068385,0.09499477643591771,0.04104856189510542,0.32318868888346053,707664.5,93.9991,93.0702,0.9289017,945285.3664140246
311,1387110.2639774303,0.4926853070400251,0.10095475038314046,-0.09967043666153812,0.35111952635298393,709108.94,93.9991,92.3912,1.6079025,720403.1206983606
312,156300.96457242998,0.46202083665812976,0.13915522635670552,0.04787832866665594,0.4275889834474388,708080.0,93.9991,93.4295,0.56960297,679500.0572314952
313,149391.01864242996,0.4527908259423766,0.13583329049449153,0.07187872663808566,0.4425783969409293,707002.3,93.9991,93.4661,0.53299713,693614.9012760917
314,921316.8273844998,0.5171696481704128,0.10559234780101523,-0.10393812855140129,0.4058018402657157,707653.9,93.9991,92.6881,1.310997,695837.3694212923
315,643245.06494757,0.5088769411931656,0.1135092420061663,-0.07278181893881992,0.39952672641997306,707841.8,93.9991,92.923,1.0761032,712804.4314565125
316,904247.1326775702,0.5225939467607782,0.10638227170072195,-0.069905584895924,0.37633562412850124,708523.94,93.9991,92.6788,1.3202972,699904.9539571297
317,564222.1500152202,0.5068694694295203,0.11519069583844085,-0.03454960558125056,0.4034414834315557,708577.9,93.9991,93.0096,0.98950195,733383.3363772656
318,1018219.01502136,0.5199986048844791,0.10323968182735671,-0.16610937941541734,0.37363462427496824,709387.75,93.9991,92.5705,1.4285965,676837.4259931823
319,145726.76174736,0.47240921022113247,0.1448840996657655,0.015823150404603845,0.39698946351227343,708365.8,93.9991,93.412,0.58709717,651288.7641318158
320,367093.94593129004,0.49457157529306484,0.12394822860588942,-0.061684262949723186,0.4467829474572226,707947.4,93.9991,93.1895,0.80960083,709044.770809949
321,151827.25416356997,0.47300676556944776,0.14443813966577468,-0.10018963948597462,0.39119168914644786,706954.5,93.9991,93.3956,0.60350037,643304.110800682
322,568729.8786994299,0.5070689893079804,0.11539594820472827,-0.03160796036277725,0.3445028751641935,707144.0,93.9991,93.011,0.98809814,777423.9300934774
323,1017522.6132334302,0.5170058175160807,0.10346476839400837,-0.0034393558265954287,0.4051562021280972,707934.75,93.9991,92.5993,1.3998032,688198.1805074838
324,1054646.3255474311,0.5258839116767366,0.10239165760418824,-0.16399749842370717,0.4142703142060659,708673.7,93.9991,92.5283,1.4708023,644605.3759382508
325,1051547.6878844304,0.5175048157213763,0.10322072246672681,-0.04407871436650969,0.39676346442361876,709511.9,93.9991,92.5547,1.444397,679818.0932520174
326,662256.1593594303,0.5185143779853291,0.1125883737800044,-0.08241513009267137,0.4244985441339801,709690.44,93.9991,92.8729,1.1261978,681845.6658408551
327,640592.9689985702,0.4549856841041261,0.09324571693601881,0.025876704905499263,0.29855851912455805,710067.44,93.9991,93.1638,0.83529663,997674.1066004068
328,568009.3044245002,0.5145697776211113,0.11577892465447986,-0.11947235367423169,0.41012120893217135,710074.4,93.9991,92.9796,1.0195007,698728.3123788105
329,2147611.4657005686,0.5327041002222258,0.089065461868623,-0.1661496171224809,0.4040500134748715,712015.4,93.9991,91.8488,2.150299,628100.7692094545
330,2257065.1576732206,0.49039432975363934,0.08627554221828322,0.01100972651344838,0.38895447812401257,714221.3,93.9991,92.204,1.7950974,803396.7339221691
331,151265.00737342998,0.47053529606770134,0.14430774613912775,0.10994709152955472,0.37954494906115654,713226.44,93.9991,93.4002,0.59889984,641050.2254340738
332,695960.7380494297,0.4761998549113448,0.10248715717394714,0.11066755311662958,0.37416062381842174,713538.5,93.9991,93.0186,0.98049927,833390.7846258009
333,660528.51452043,0.5091638550521712,0.1134837806013878,-0.07843332076100287,0.4282734570738531,713687.94,93.9991,92.9016,1.097496,695623.1362214448
334,763504.03545343,0.44892516031839036,0.08477006615249566,0.06444722097387562,0.33976262983574756,714147.7,93.9991,93.1369,0.8621979,1006378.6703829573
335,630376.1675994999,0.4541666316977389,0.09325828872374183,0.0021173938436648506,0.2921267413867176,714491.06,93.9991,93.2042,0.794899,1043546.041358999
336,30731.990294499996,0.38460174355750515,0.15481337210885085,0.16764217880082247,0.3763767167718581,712904.0,93.9991,93.6699,0.32920074,545743.5737559589
337,1717442.1694554298,0.4672359294953244,0.0793162445266941,-0.14426287508974067,0.3708522653062262,714495.1,93.9991,92.6464,1.3526993,924606.4298546729
338,721541.58896543,0.4619853066977834,0.09536280305767876,-0.019051160872207748,0.3522689078403743,714925.75,93.9991,93.0768,0.92230225,932965.621029838
339,849832.6081034301,0.531298395271193,0.11979504219603283,-0.1338035269170356,0.41236486929327537,715394.6,93.9991,92.5295,1.4695969,594958.6053068059
340,658106.5426853604,0.5277743474332895,0.11287628396418876,-0.16972438811203677,0.37811970654169813,715558.7,93.9991,92.8329,1.1661987,661415.722471575
341,658892.6491034308,0.5096698249039595,0.11331826992010213,-0.02417995363138478,0.39312390980493794,715770.25,93.9991,92.9177,1.081398,728598.3531161044
342,654472.0831015696,0.5146726904858382,0.11259119192375867,-0.040970366345607634,0.36404183198029544,716024.2,93.9991,92.9135,1.0856018,739562.9468098735
343,659050.3880594299,0.5108978483066755,0.11213871487411446,-0.09411720118549159,0.3998180555190059,716245.3,93.9991,92.9202,1.0789032,734166.9673511316
344,368885.85463136004,0.4940514089440223,0.12399685701731038,0.0515008962707154,0.3997728237382913,715875.4,93.9991,93.2013,0.79779816,737796.6589665158
345,733439.5703862899,0.45958934575999805,0.0928364659649191,0.024555767557545995,0.32952323910958653,716324.1,93.9991,93.1055,0.89360046,974872.9502993864
346,374723.04675042996,0.4966328579558225,0.12407479834288503,0.02399079273229525,0.46666558402076097,715900.44,93.9991,93.1821,0.81700134,696809.7943081316
347,373518.42561729,0.495988136626503,0.12348713182304176,-0.04905381747386703,0.3980152030528524,715552.9,93.9991,93.1856,0.81349945,731355.8092549919
348,155522.08994749995,0.4612799467595948,0.13803034461858588,-0.03791463554293906,0.34645445504088,714660.2,93.9991,93.4426,0.5565033,725980.9167724487
349,1051760.3181614298,0.5198715919821643,0.10274320422907922,-0.14561485704572494,0.39799066793117654,715380.25,93.9991,92.581,1.4180984,681677.4493644448
350,669820.2932814299,0.5165897545288852,0.11308275574788008,-0.10984073450618999,0.3930589945624136,715596.25,93.9991,92.8871,1.1119995,711515.0729359576
351,153470.96305943004,0.4576723645519227,0.1368749988225188,0.00503111826921148,0.36082455768675314,714691.2,93.9991,93.4497,0.5494003,722620.2514602498
352,1040538.2252595,0.5209294917948654,0.10326931597285915,-0.024287923385864198,0.4029790989466841,715413.5,93.9991,92.5525,1.4466019,670301.9224382977
353,663049.12262936,0.5098216492935193,0.11190786283298475,-0.03575885268876812,0.40486815596829284,715615.0,93.9991,92.9089,1.0902023,721654.7804510241
354,643029.2181834301,0.5108603048051344,0.1127532092376426,-0.0647335247670174,0.4037600602723599,715769.6,93.9991,92.9174,1.0817032,712304.8246556735
355,153682.63998043005,0.46522153268423644,0.1407671024299018,0.1200742101310215,0.3604916802031227,714861.7,93.9991,93.4338,0.5653,694401.3715410606
356,574748.4583094298,0.5073669001536529,0.11479881892188555,-0.08211600092665254,0.4105766983012133,714904.06,93.9991,92.9913,1.0077972,724330.7821140611
357,654178.1863472201,0.5107638038932297,0.11248982464337762,-0.06342688643527611,0.4120891521191537,715086.94,93.9991,92.8914,1.1076965,704498.2014687001
358,663129.7052785697,0.5188978145238915,0.11243196065644231,-0.09134676363530161,0.38754359213859935,715287.75,93.9991,92.8796,1.1194992,703153.7409871999
359,1084939.38982243,0.48312952300690487,0.09593860602152678,0.012490578893649556,0.3412407309793474,716218.3,93.9991,92.7871,1.211998,866581.5336749267
360,157248.60962757003,0.4619138168630925,0.1381164000017564,0.10443209241430156,0.41958459816974547,715300.0,93.9991,93.4363,0.56279755,683564.4238397229
361,149684.25878056997,0.49333716493016816,0.15018067967351603,-0.19142683369315805,0.4392000288271682,714300.6,93.9991,93.3617,0.63739777,554625.2379630227
362,377559.65969635977,0.49412963549495037,0.12431394524407206,-0.001963714548288443,0.42865983235717187,713960.06,93.9991,93.1755,0.82360077,717190.0620822839
363,910682.4816094999,0.4830049477828879,0.11116024998684493,0.0487936260999532,0.29397224936084726,714741.8,93.9991,92.7322,1.2668991,788156.060888985
364,157673.13634029005,0.45962372145747005,0.13680005317715702,0.03909562617751225,0.42130118775664366,713844.8,93.9991,93.4254,0.57369995,675137.6452277182
365,141201.16059843,0.4907683926696628,0.15149161673583555,-0.16487808159604123,0.44508677703685834,712853.0,93.9991,93.3746,0.62449646,561800.5849627167
366,156070.08594643002,0.4603355549045464,0.13749020446962415,0.08081837217831075,0.34701166732449085,712007.9,93.9991,93.4372,0.5618973,716661.4645043571
367,571451.5089582901,0.5047987383707906,0.11593522360128482,-0.08533552578819102,0.3964288512694428,712073.06,93.9991,93.0157,0.98339844,748428.192265312
368,376475.7258273602,0.49700069836220334,0.12360314819455023,0.015647362720017648,0.41270660988239216,711738.9,93.9991,93.1762,0.82289886,715465.567262649
369,663091.4348414302,0.5169772471564028,0.1123947486313968,-0.11508492676876811,0.3908473953340543,711932.2,93.9991,92.8788,1.1203003,699153.7402785752
370,1533907.3838953606,0.5247335056838317,0.09565249182296419,-0.1246700337124367,0.3727722347419386,713223.1,93.9991,92.2472,1.7518997,679765.0275146046
371,566381.7036613597,0.5065971813951153,0.1165888107531194,0.007078621923512323,0.42321044698357424,713226.4,93.9991,92.9846,1.0145035,704217.3878631466
372,1069239.0522134304,0.45223252715251355,0.07895196021400082,0.028183289170884473,0.3457258249973115,714039.94,93.9991,92.9798,1.0193024,997439.5502803235
373,569886.20002543,0.5067684890677056,0.1148852811916353,-0.09013272863649517,0.3680623547209368,714120.4,93.9991,93.0043,0.99479675,748012.6035570885
374,785955.9373456396,0.4488188816003659,0.08351921916797167,0.061091626061534045,0.2847654518993994,714633.44,93.9991,93.1364,0.8627014,1050787.583454201
375,148722.38774736,0.4743312269287902,0.14491155588832924,-0.0053197798569195815,0.3716018508065736,713763.5,93.9991,93.4183,0.5808029,667257.9131449232
376,148008.5453625,0.4717446358770258,0.14401731222507475,0.02143101259295283,0.3864847879375333,712893.25,93.9991,93.4305,0.5686035,678283.8957529821
377,149698.42446643006,0.47193362373141967,0.1437233337627877,0.04641970733820356,0.371502664176836,712036.25,93.9991,93.4187,0.58039856,670119.6911517341
378,368705.4956325702,0.5016708475654232,0.12581598304988253,-0.09367165793929161,0.4387336183919715,711660.25,93.9991,93.1683,0.8308029,685516.3889103928
379,155986.76949636,0.46319462003305084,0.13908106882492624,0.05916492380229534,0.3836498973853751,710832.75,93.9991,93.4408,0.5582962,711481.2892315574
380,638385.1592332898,0.4526629143376154,0.09233485311835955,0.0009531505798177937,0.316261896689546,711097.5,93.9991,93.1836,0.81549835,995352.91436283
381,152789.61178543002,0.45589015532376714,0.13773073924110704,-0.040138405554605676,0.3798208087348987,710267.75,93.9991,93.4524,0.5466995,720947.1899591213
382,150133.47271543,0.47103799903455545,0.14478555061139953,-0.06271507084006217,0.480590111699076,709356.2,93.9991,93.417,0.5820999,620408.3295198781
383,629369.7663715696,0.4553948139059137,0.09459051163486701,-0.06667205405208361,0.3103815269100365,709615.2,93.9991,93.179,0.8200989,986250.0840050777
384,733465.4497025702,0.4621496633200311,0.09423698968441363,-0.05750064136615644,0.3470462551248119,709992.4,93.9991,93.0853,0.9138031,935478.5158481298
385,148118.36440529,0.4568995850409505,0.13805654196516912,0.014920923687913567,0.38410103724205946,709153.6,93.9991,93.453,0.5460968,707271.9338615933
386,571932.8280284998,0.5067251105835159,0.11483999532490688,-0.08063892733857587,0.40218570970201456,709223.0,93.9991,92.9948,1.004303,732836.4484473793
387,1037841.8789232898,0.52657280176275,0.10290963309201631,-0.14033638437467005,0.3831888865430495,709906.1,93.9991,92.5823,1.4168015,687658.5715842415
388,1045254.8951572902,0.521802954827916,0.1029581905453682,-0.11080392866048155,0.38417855670278284,710613.5,93.9991,92.5497,1.4494019,679636.9373994819
389,671443.54210057,0.5053408243946628,0.11094837301708378,0.029934939515633478,0.41037594579427117,710793.1,93.9991,92.9139,1.0851974,719384.4430348431
390,699352.1737053602,0.46848635368001945,0.09892113437156039,0.1592312454958522,0.3442915533066963,711084.94,93.9991,93.088,0.9111023,905373.6345519628
391,24919.343679429992,0.42098656710706256,0.19242977731997632,0.15993492661955508,0.437752671347968,709661.8,93.9991,93.5786,0.4205017,364379.740227835
392,381088.60071536014,0.5030633917358995,0.12473529307594582,-0.09767392466621103,0.3984046434751323,709379.4,93.9991,93.1636,0.8355026,716543.1006525166
393,1129154.3488932198,0.47902228375783745,0.09322905723760021,-0.034814178373177435,0.3386665591726285,710312.44,93.9991,92.7312,1.2678986,849442.42247268
394,570210.1148543601,0.5137982230553851,0.11583273689731347,-0.07345546403214405,0.42476211129507907,710329.4,93.9991,92.9684,1.0307007,695637.0695181275
395,157275.80993136007,0.4644318042352612,0.13902344600093539,-0.0048655105790043895,0.38326372634263833,709537.2,93.9991,93.4305,0.5686035,697529.1944980039
396,1596819.0413375709,0.491917125528668,0.0913668576958701,-0.013873333280970818,0.3585031945171635,710879.25,93.9991,92.4619,1.5372009,808176.8883061841
397,557782.82359743,0.5060110266281832,0.11547442664025388,-0.07307465948947466,0.3981680710781197,710916.25,93.9991,93.0327,0.96640015,750835.9472099948
398,667433.2298255698,0.5075730572684086,0.11223520497423778,0.02871598794865273,0.38402633117185303,711130.94,93.9991,92.9172,1.0819016,736279.1319208569
399,145807.40210136006,0.4733450600659924,0.14525711124501622,0.022773258692691502,0.3973714339334019,710295.56,93.9991,93.4222,0.57689667,653460.3910732794
